1 0.0157935900685 1.35640071276e-05 0.972576172992 0.10698619624
2 0.0142840454885 1.41744357486e-05 0.973004434786 0.106428804475
3 0.0126241148868 1.48362403507e-05 0.973448198474 0.103951709409
4 0.010574642752 1.56481046837e-05 0.97398604618 0.103447474965
5 0.00827416206526 1.65263872694e-05 0.974521142025 0.101085612511
6 0.00586527873568 1.74219239105e-05 0.974990341405 0.0982246020761
7 0.00352426486338 1.82016212948e-05 0.975287819432 0.0951325264011
8 0.00154882158119 1.87867362678e-05 0.975322274928 0.0928132133936
9 -0.00065045245431 1.91952169286e-05 0.974890324881 0.0877171112261
10 -0.00341066047284 1.90242389993e-05 0.973093097549 0.0799977535174
11 -0.0062032604548 1.64603768302e-05 0.965425838016 0.0651784779914
12 0.00773624555189 1.50320794191e-05 0.976005082946 0.10837724858
13 0.00354200483924 1.5512838634e-05 0.977487100453 0.108574380741
14 0.00151076208374 1.51881864112e-05 0.977978351919 0.108552849668
15 -0.000173881476317 1.43076281446e-05 0.977871440113 0.10729701081
16 -0.00152061632242 1.27827452939e-05 0.976741153713 0.106328478724
17 -0.00241826362109 1.086796778e-05 0.97436219288 0.104192321017
18 -0.00319539025636 7.78927331745e-06 0.967597203258 0.100266263741
