1 0.015610815155 1.36090804028e-05 0.972648622222 0.10698619624
2 0.0141654990576 1.41909305435e-05 0.973046932853 0.106428804475
3 0.0125213197647 1.48825271984e-05 0.973504175893 0.103951709409
4 0.0104256827126 1.56749818802e-05 0.974062500044 0.103447474965
5 0.00815746164458 1.65487487406e-05 0.974576756453 0.101085612511
6 0.00574106765762 1.74345974291e-05 0.97502677599 0.0982246020761
7 0.00351159841237 1.81899160913e-05 0.975280435712 0.0951325264011
8 0.00150441057266 1.87756485913e-05 0.975337178977 0.0928132133936
9 -0.000663788437521 1.92095816456e-05 0.974954200962 0.0877171112261
10 -0.00336969479601 1.90651418483e-05 0.973181686888 0.0799977535174
11 -0.00616999231333 1.64141159158e-05 0.965366094364 0.0651784779914
12 0.00755782043557 1.50641835853e-05 0.97606939177 0.10837724858
13 0.00344472007093 1.54840137647e-05 0.977538988096 0.108574380741
14 0.00146693664132 1.51573086914e-05 0.978001414525 0.108552849668
15 -0.00016331434421 1.43083382149e-05 0.977837558569 0.10729701081
16 -0.00152527572337 1.27974616468e-05 0.976678419687 0.106328478724
17 -0.00244592790199 1.08770738271e-05 0.974292539214 0.104192321017
18 -0.00327964726898 7.7874459759e-06 0.967207900249 0.100266263741
