1 0.0152371764987 1.37924774273e-05 0.972741976933 0.10698619624
2 0.0138746645252 1.43443535577e-05 0.973116199365 0.106428804475
3 0.0123190664245 1.4953668239e-05 0.973539962034 0.103951709409
4 0.0103401947998 1.57369326036e-05 0.974049355713 0.103447474965
5 0.00810216630567 1.65872528197e-05 0.974570712021 0.101085612511
6 0.00574293068 1.74543233368e-05 0.97500820658 0.0982246020761
7 0.00353985616252 1.81999736222e-05 0.975278942114 0.0951325264011
8 0.00152026199702 1.8792608267e-05 0.975312030107 0.0928132133936
9 -0.000644844276222 1.91879040175e-05 0.974901839333 0.0877171112261
10 -0.00342863038394 1.90445871355e-05 0.973091140731 0.0799977535174
11 -0.00618976747665 1.64442582233e-05 0.965402280736 0.0651784779914
12 0.00755628167896 1.50924040327e-05 0.976039838914 0.10837724858
13 0.00350594805034 1.55117894841e-05 0.97746430509 0.108574380741
14 0.00152938548785 1.51697604418e-05 0.97793523408 0.108552849668
15 -0.000154270712341 1.43102663821e-05 0.977831919836 0.10729701081
16 -0.00150127305928 1.27838265727e-05 0.97672784411 0.106328478724
17 -0.00239809298081 1.08739029213e-05 0.974363546403 0.104192321017
18 -0.00316648566892 7.78374592764e-06 0.967653342702 0.100266263741
