1 0.0120498345025 1.46900009909e-05 0.974379758785
2 0.00954777331191 1.5668037269e-05 0.975093562318
3 0.00763393086251 1.63167094275e-05 0.975593454181
4 0.00605477127621 1.67199254627e-05 0.975974527852
5 0.00482894910868 1.69221065653e-05 0.976206262964
6 0.0037621261244 1.7008258027e-05 0.976366039096
7 0.00295748171511 1.69901413015e-05 0.976408921549
8 0.00225389018179 1.6881354294e-05 0.976386280754
9 0.00160837850215 1.66758713469e-05 0.976300189872
10 0.000909198209756 1.63777834351e-05 0.976124245176
11 0.000326906357592 1.59879521789e-05 0.975771043516
12 -0.000161360444166 1.548449054e-05 0.97536426355
13 -0.000598325415839 1.48803705256e-05 0.974733453895
14 -0.00102493394583 1.40786081169e-05 0.973799361546
15 -0.00138868048874 1.29569269404e-05 0.972182907608
16 -0.00167948447876 1.10816012603e-05 0.968665992838
