1 0.0149489761412 1.39149080532e-05 0.972826580718 1.42251542599
2 0.0131197418457 1.46427459225e-05 0.97333444973 1.34275186594
3 0.0114035238999 1.53185512435e-05 0.973782563389 1.25925276099
4 0.00927134565826 1.61484001897e-05 0.974309895698 1.14821316603
5 0.00697673768501 1.70121058878e-05 0.974799963794 1.01172838988
6 0.00461632722713 1.78439029784e-05 0.975182238738 0.853696572632
7 0.00204394455024 1.8635873847e-05 0.975323329128 0.644662376871
8 -0.000669878641669 1.91954735786e-05 0.974889315233 0.378570883277
9 -0.00316422285137 1.91126589075e-05 0.973405089719 0.0850278080515
10 -0.00590325151894 1.68755816995e-05 0.966615085168 -0.397722294113
11 0.00756831330435 1.50841657164e-05 0.976043902704 0.979624202256
12 0.00348786711744 1.55187774074e-05 0.977488973266 0.73528102477
13 0.00148213325161 1.51882787361e-05 0.977970692026 0.540244761855
14 4.36715181608e-05 1.4500568488e-05 0.977941711426 0.34425317044
15 -0.00108034915616 1.34286065727e-05 0.977328851613 0.131386938919
16 -0.00208214728686 1.17219624986e-05 0.975519654075 -0.127213837499
17 -0.00305920293361 8.39979181359e-06 0.969048978187 -0.513067819362
