1 0.0148261603323 1.39380129099e-05 0.972884409146 0.107336090628
2 0.0130891131412 1.46475235081e-05 0.973342029563 0.103838298053
3 0.011299949929 1.53516152291e-05 0.973848374533 0.103709599688
4 0.00921108615146 1.61468908222e-05 0.9743478789 0.101417159439
5 0.0068040565663 1.70493815283e-05 0.974866769991 0.0989145752975
6 0.00456619950836 1.78370040339e-05 0.97519541035 0.097220202265
7 0.00204077666011 1.86291406222e-05 0.975328910207 0.0925732858248
8 -0.000681982875747 1.92147710349e-05 0.974955888109 0.0864116683297
9 -0.00312775753342 1.9160792989e-05 0.973505428012 0.0806428440441
10 -0.00586999256909 1.68349823943e-05 0.966557564694 0.0666422508711
11 0.007403763609 1.51142493568e-05 0.976110643313 0.108376459823
12 0.00339932044648 1.54921355699e-05 0.977540410091 0.108375578372
13 0.00144069740357 1.51601729343e-05 0.977993823647 0.10825684679
14 6.25139650784e-05 1.44986153105e-05 0.977929045536 0.107871233787
15 -0.00109412396607 1.34505105669e-05 0.977261742931 0.107211062149
16 -0.00210967335654 1.17286315041e-05 0.975457104182 0.104920720878
17 -0.00313474832644 8.37580854707e-06 0.968690775431 0.100409548011
