1 0.0149132882173 1.39247858454e-05 0.972832093132 1.41716934238
2 0.0130534048633 1.46611351351e-05 0.97335197727 1.33493090762
3 0.0113675890847 1.53204454203e-05 0.973783270595 1.25040481712
4 0.00919967860266 1.6167061797e-05 0.974327558505 1.14329009226
5 0.00689972721062 1.70252242908e-05 0.974807518819 1.00369009692
6 0.0045983287246 1.78446665892e-05 0.97517542782 0.849605185241
7 0.00205660273022 1.86392983108e-05 0.975314713377 0.643912188616
8 -0.000642451052728 1.91834237906e-05 0.974902321164 0.381817017686
9 -0.00318001997712 1.91356151842e-05 0.973405205995 0.0851248508766
10 -0.00588480131289 1.68668898075e-05 0.966608936886 -0.39724746305
11 0.0075509353591 1.50937373703e-05 0.976034864145 0.97880909898
12 0.00350489423844 1.5509138694e-05 0.977461624326 0.73148948141
13 0.00152729949679 1.51677456022e-05 0.977937156193 0.538059750535
14 7.84239824162e-05 1.45033590258e-05 0.977916386912 0.345594639562
15 -0.00105360646212 1.3429970379e-05 0.977288749331 0.130276597742
16 -0.0020539553979 1.17192143332e-05 0.975521268139 -0.126995423285
17 -0.00303142819749 8.39186844741e-06 0.969100871735 -0.512328018829
