1 0.0157168379671 1.29377294823e-05 0.973418934415 0.0273069123913
2 0.0119526233819 1.46931532296e-05 0.974410545255 0.0262614715093
3 0.00946448559032 1.58661585722e-05 0.974937403769 0.0257068773376
4 0.00745700038253 1.67621469206e-05 0.975270317747 0.0253567465483
5 0.00573040416825 1.7442395817e-05 0.975484241698 0.0251318855215
6 0.00405157859653 1.80389164421e-05 0.975506391927 0.0251086084808
7 0.0022173826528 1.85206029259e-05 0.975305451702 0.0253198094925
8 0.000362919433916 1.87170296507e-05 0.97457996976 0.0260830625151
9 -0.0013878165081 1.83467305706e-05 0.972776995433 0.0279848358528
10 -0.0025262908007 1.67639324998e-05 0.968054899466 0.0329992653636
11 0.00745402583919 1.47835016274e-05 0.976973739703 0.0235689654071
12 0.00413470632989 1.52311953221e-05 0.977748524896 0.0227578712992
13 0.00246789658599 1.49992747737e-05 0.977956292329 0.0225405857285
14 0.00130932774921 1.45708632514e-05 0.977867246907 0.0226336991922
15 0.000295230493977 1.38812680114e-05 0.977450758087 0.0230694403563
16 -0.000520449728303 1.29530745914e-05 0.976643835081 0.0239147210911
17 -0.00120150509836 1.18349743201e-05 0.975223526212 0.0254059434689
18 -0.00198802313779 9.72504406428e-06 0.971051059619 0.0298119652341
