1 0.0156859350664 1.2941204679e-05 0.973437855774 0.0272869439404
2 0.0119092715535 1.47125826673e-05 0.974420457802 0.026251031558
3 0.00938937132059 1.58980918133e-05 0.974951169707 0.0256923947555
4 0.00737207382834 1.67944095064e-05 0.975298521345 0.0253270953383
5 0.00564344448846 1.75029009278e-05 0.975487218849 0.0251287568601
6 0.00393000934246 1.80721837454e-05 0.975530432318 0.0250833463481
7 0.00214131101063 1.85456884706e-05 0.975300582526 0.0253249284247
8 0.000252531036135 1.87316185758e-05 0.974543316037 0.0261216546275
9 -0.00150273607761 1.8360202388e-05 0.972727019554 0.0280376507168
10 -0.00259659533317 1.67272975323e-05 0.967900502378 0.0331640468256
11 0.00738648642444 1.48145858526e-05 0.976969100638 0.0235738257702
12 0.00408521375636 1.52114334532e-05 0.977772121109 0.0227331894934
13 0.00237915329404 1.49985200662e-05 0.97796918008 0.0225271106403
14 0.00123893326724 1.45570526622e-05 0.977858174362 0.0226431871254
15 0.000225285483819 1.38681156212e-05 0.977427218046 0.0230940795671
16 -0.000565853217597 1.29557472114e-05 0.976604201237 0.0239562750433
17 -0.00120640241208 1.18107275868e-05 0.975167388054 0.0254649737962
18 -0.00199038122616 9.69731455912e-06 0.970968014628 0.029900043024
