1 0.0161505874044 1.28684406495e-05 0.973235547312
2 0.0120396531555 1.47057452885e-05 0.974369302014
3 0.00951783198665 1.58840735675e-05 0.974909173593
4 0.007516796546 1.67635500991e-05 0.97524981788
5 0.00587042625509 1.74125599101e-05 0.975442875726
6 0.00423883477087 1.79615345612e-05 0.975479569966
7 0.00254939364336 1.83885120157e-05 0.975264736249
8 0.000786902127673 1.85559825548e-05 0.97453129838
9 -0.000831874319053 1.81785993564e-05 0.972795585947
10 -0.0016978833361 1.66068453799e-05 0.968271084792
11 0.00739007554553 1.48063221717e-05 0.976982646786
12 0.00423060036784 1.51948640282e-05 0.977733082708
13 0.00265528280738 1.49852388772e-05 0.977862335739
14 0.00156629658313 1.45536964432e-05 0.977776198228
15 0.000627067860023 1.3865254528e-05 0.977361624492
16 -0.000179907296285 1.29914062837e-05 0.976563188719
17 -0.000831946776816 1.18904830801e-05 0.97517189806
18 -0.00162649726304 9.80578438076e-06 0.97104638957
