1 0.015722867857 1.2931328153e-05 0.973422825662 0.0273028057388
2 0.0119393881149 1.46887251432e-05 0.974429641784 0.0262413591834
3 0.00946738138496 1.58620239642e-05 0.974945348264 0.0256985191862
4 0.00745226379606 1.67545470383e-05 0.97528456226 0.025341770709
5 0.00573359963457 1.74531452617e-05 0.975477216735 0.0251392680925
6 0.00406378747023 1.80312382949e-05 0.975517155161 0.0250972981184
7 0.00220692132553 1.85229864961e-05 0.975315838214 0.0253088905369
8 0.000361648532655 1.87195510271e-05 0.974592394156 0.0260699816304
9 -0.00136115310388 1.83434223593e-05 0.972793544581 0.0279673478218
10 -0.00249129301135 1.67700390085e-05 0.968094105497 0.0329574307754
11 0.00746272691993 1.47736100721e-05 0.97698582417 0.0235563047417
12 0.00414757503328 1.52308500312e-05 0.977755640369 0.0227504283032
13 0.00245929429526 1.49829694887e-05 0.97798112824 0.0225146182477
14 0.00132243927923 1.45640602874e-05 0.977882088679 0.0226181781736
15 0.000303474703763 1.38830378974e-05 0.977475252222 0.0230438036439
16 -0.00050760213674 1.29499540587e-05 0.976669312481 0.0238880111851
17 -0.00118119114808 1.18344617693e-05 0.975271108648 0.0253559150167
18 -0.0019635851346 9.74151715499e-06 0.97111100047 0.0297484009611
