1 0.0160671879052 1.28848251639e-05 0.973272970507 0.0274609799099
2 0.0120058326105 1.4707902883e-05 0.974379960507 0.026293684707
3 0.00954235265088 1.58551108484e-05 0.97490777992 0.0257380447374
4 0.00755312308084 1.67320558529e-05 0.975247616582 0.0253806141315
5 0.00593129464072 1.73710224545e-05 0.975428453048 0.0251905169168
6 0.00432865015769 1.79182709163e-05 0.975461453786 0.0251558337812
7 0.00261418906054 1.83616577185e-05 0.975260096868 0.0253674924679
8 0.000912596792649 1.85183200154e-05 0.974554154698 0.0261102424619
9 -0.000719381997254 1.81639836666e-05 0.972839658204 0.0279186211002
10 -0.0015616897728 1.66332798814e-05 0.96843733854 0.0325913305657
11 0.00746071521849 1.47861483154e-05 0.97695644141 0.0235870890921
12 0.0043073798148 1.51835898365e-05 0.977702600766 0.0228059117209
13 0.00270690888361 1.49740949327e-05 0.977860195376 0.0226410735526
14 0.0016317147879 1.45711729866e-05 0.977759398725 0.0227464970268
15 0.000700023604062 1.39056421987e-05 0.977369674283 0.0231543153853
16 -0.000111934158379 1.30269365144e-05 0.976596191712 0.0239646729327
17 -0.000749932095209 1.19488412617e-05 0.975259096572 0.0253685440967
18 -0.00155980319275 9.88646367089e-06 0.9712221638 0.0296305390719
