1 0.0158956371228 1.29144973626e-05 0.973352189469 0.0273773571556
2 0.0119060847583 1.47559160093e-05 0.974389219129 0.0262839328887
3 0.00940356835141 1.59173907887e-05 0.974937654889 0.0257066131315
4 0.00734685940579 1.68019477722e-05 0.975302126604 0.0253233051951
5 0.00584267768464 1.74121428269e-05 0.975438151328 0.0251803239502
6 0.00414770883596 1.79848006763e-05 0.975516107081 0.025098399423
7 0.00238878145868 1.84400487345e-05 0.975289789066 0.025336275699
8 0.000687726058889 1.8570509005e-05 0.974545658939 0.0261191877607
9 -0.000855383908183 1.81673008641e-05 0.972820297595 0.0279390782259
10 -0.00174139333854 1.6573897862e-05 0.96819076557 0.0328543047107
11 0.00741666779438 1.4806372255e-05 0.976967181793 0.0235758361628
12 0.00416623533653 1.51966279067e-05 0.977728019188 0.0227793214109
13 0.00258009229478 1.49710926544e-05 0.977862817848 0.0226383310302
14 0.00153803205087 1.45283406496e-05 0.977783110899 0.0227216944045
15 0.000568097581529 1.38417161534e-05 0.977328507982 0.0231974119915
16 -0.000228769464363 1.29461464431e-05 0.976547679609 0.0240155405448
17 -0.000891851570576 1.18217957638e-05 0.975105700993 0.0255298466669
18 -0.00170594190845 9.76741571626e-06 0.970869105333 0.0300049661958
