1 0.0160867190385 1.28862860184e-05 0.973264383009 0.0274700455907
2 0.0120167346406 1.4698402497e-05 0.974378434426 0.0262952921091
3 0.00944950995553 1.58844933727e-05 0.974938025493 0.0257062232091
4 0.00750742349032 1.67399175126e-05 0.975269958418 0.0253571243222
5 0.00579929906638 1.74200885942e-05 0.975461646174 0.0251556315939
6 0.0042312660371 1.7952716863e-05 0.975482531231 0.025133683041
7 0.00253742501418 1.83920868218e-05 0.975257857439 0.0253698469265
8 0.000809852241403 1.85405033893e-05 0.974538149604 0.0261270944677
9 -0.000801103763736 1.81802642831e-05 0.972814591983 0.0279451071562
10 -0.00160555649363 1.66138277302e-05 0.968347996004 0.0326866004164
11 0.00740417918066 1.48019083158e-05 0.976978344588 0.0235641409176
12 0.00426124667313 1.51889952225e-05 0.977702664503 0.0228058450574
13 0.00267034325877 1.49722749002e-05 0.977872945407 0.0226277398354
14 0.00160629666177 1.4538317784e-05 0.977758481683 0.0227474563145
15 0.000625663199511 1.38740692219e-05 0.97735971146 0.0231647451354
16 -0.000152773790819 1.30119763095e-05 0.976574354093 0.0239875702634
17 -0.000771394532193 1.19160815299e-05 0.975222090219 0.0254074533138
18 -0.0015677612066 9.85249131013e-06 0.971192776391 0.0296616946829
