1 0.0142918518054 1.37130986504e-05 0.973703636028
2 0.00958830264659 1.60027764206e-05 0.974788605994
3 0.00554353669022 1.77989766255e-05 0.975322023588
4 0.00236653193578 1.89012987252e-05 0.975183159852
5 0.000364481075637 1.91190167391e-05 0.974372360526
6 -0.0019991451585 1.78626128966e-05 0.969835517261
7 0.00768423563917 1.5101312228e-05 0.976523887411
8 0.00395064637064 1.57189037304e-05 0.977305188323
9 0.0019438249522 1.570562811e-05 0.977088988103
10 0.000426500097689 1.54373173015e-05 0.97619797151
11 -0.00116646779814 1.45321447146e-05 0.973915417952
12 -0.00250148894323 1.26158665433e-05 0.968015647328
13 0.00150043620884 1.26296765281e-05 0.979844402753
14 -0.000962989687098 9.43563552828e-06 0.975035306807
