1 0.0162833022213 1.32634723329e-05 0.972575128692 
2 0.0123810567826 1.48153180556e-05 0.973875602718 
3 0.00972886605409 1.58917200567e-05 0.974630142437 
4 0.00760860818296 1.67403807738e-05 0.975090498563 
5 0.00577619529204 1.7410066008e-05 0.9753943875 
6 0.00406322969004 1.79391879147e-05 0.975480764802 
7 0.00223158113743 1.83736385422e-05 0.975309167424 
8 0.000373598142035 1.85119346023e-05 0.974573685869 
9 -0.00145702785863 1.81322634839e-05 0.972782699067 
10 -0.00257949945646 1.64924944559e-05 0.967841949336 
11 0.00778451685308 1.51619545335e-05 0.976308917615 
12 0.00426503780557 1.54518741663e-05 0.977394384334 
13 0.00248555738741 1.51892653412e-05 0.977699598142 
14 0.00131854960261 1.47186862272e-05 0.977615949473 
15 0.000284114328853 1.40110534407e-05 0.977216404503 
16 -0.000536517510119 1.30679864484e-05 0.976410205177 
17 -0.00119109265384 1.19147830718e-05 0.974990158254 
18 -0.00200489928962 9.69936510207e-06 0.970561495229 
