1 0.0158983004872 1.3109036581e-05 0.973248876973
2 0.0103168644598 1.55144850217e-05 0.974839985258
3 0.00709171212734 1.66256388107e-05 0.975696872085
4 0.00486150092008 1.71327966833e-05 0.976166834005
5 0.00320255041593 1.72744700608e-05 0.976389741893
6 0.00186394398372 1.71434187161e-05 0.976380373938
7 0.000784072025801 1.67866481806e-05 0.976137889868
8 -8.43032591447e-05 1.62554747336e-05 0.975696286458
9 -0.000841022799929 1.54223177597e-05 0.974880674682
10 -0.00152460463204 1.41207081933e-05 0.973298350568
11 -0.00200170720605 1.16611727533e-05 0.969177856247
