1 0.0156191719162 1.29427714409e-05 0.973457613055 0.0272660941529
2 0.0118285887987 1.47481289788e-05 0.974413972137 0.0262578622324
3 0.00938034408002 1.59172609003e-05 0.974930232551 0.025714422024
4 0.00723466066747 1.68643962584e-05 0.975309680138 0.0253153642751
5 0.00561507479224 1.75056539439e-05 0.97549701763 0.025118459482
6 0.00380763964454 1.81400663909e-05 0.975550021789 0.0250627621728
7 0.00186145641888 1.8652930045e-05 0.975336379851 0.0252872963856
8 1.05014009181e-05 1.88003614624e-05 0.974550017841 0.0261145982179
9 -0.00176379542759 1.83948599044e-05 0.972665947733 0.0281021992837
10 -0.00307025204409 1.66412358523e-05 0.967345506074 0.0337568052968
11 0.00735053858294 1.48589561508e-05 0.976968465142 0.0235744915277
12 0.00395933498876 1.52740674614e-05 0.977762610001 0.0227431379936
13 0.00227457843261 1.50635274043e-05 0.977904407321 0.022594839006
14 0.00114840381585 1.46020711731e-05 0.977819295115 0.0226838486447
15 9.40123605936e-05 1.3851043e-05 0.977323043641 0.0232031328031
16 -0.000745255524209 1.29147377072e-05 0.976442582908 0.0241257576062
17 -0.0014144084578 1.17181695412e-05 0.974831973077 0.0258178102813
18 -0.00230419332144 9.48326120246e-06 0.969921639248 0.0310111245252
