1 0.0151768496989 1.33486768599e-05 0.97346719792
2 0.0100698891748 1.58089966763e-05 0.974660524081
3 0.00601891695177 1.75900601224e-05 0.975243303502
4 0.00285372027217 1.86642747063e-05 0.975173462425
5 0.000873127732927 1.89261774754e-05 0.974410450672
6 -0.00128072726185 1.77922592815e-05 0.970324954576
7 0.00833942899291 1.49314077306e-05 0.976286555459
8 0.00429794474955 1.5622967577e-05 0.977264800345
9 0.0022855817322 1.56465727687e-05 0.977049258271
10 0.000770645004174 1.53853132761e-05 0.976242118417
11 -0.000818066578829 1.45496178898e-05 0.974060582736
12 -0.00202539074335 1.27424076219e-05 0.968590241344
13 0.00178618975128 1.26963965607e-05 0.979800806497
14 -0.000743365943043 9.5720742481e-06 0.975461473643
