1 0.0156753118285 1.29482045591e-05 0.973436250858 0.027288637699
2 0.0119067469473 1.47020168695e-05 0.974425845548 0.026245357254
3 0.00937676354523 1.58977857762e-05 0.974960163525 0.02568293287
4 0.00738094014559 1.6785156281e-05 0.975295324333 0.0253304563481
5 0.00562709988699 1.74950113663e-05 0.97549196612 0.0251237680061
6 0.00394558908333 1.80734660019e-05 0.975529204902 0.0250846360148
7 0.00214437256607 1.8542521096e-05 0.975302104156 0.0253233287637
8 0.000269104697368 1.8722934545e-05 0.974545962384 0.0261188683241
9 -0.00148365500737 1.83540689796e-05 0.97273282096 0.0280315194844
10 -0.0025564269013 1.67415269426e-05 0.967952805291 0.0331082202846
11 0.00738895037183 1.48165107492e-05 0.97696992432 0.0235729627684
12 0.00407946468544 1.52185424504e-05 0.977770592309 0.0227347885737
13 0.00238655185126 1.49944157747e-05 0.977972483683 0.0225236565427
14 0.00124299479811 1.45544718625e-05 0.977852435222 0.022649189152
15 0.000236159837987 1.38595505897e-05 0.977430952585 0.0230901705667
16 -0.000578147392183 1.29550009759e-05 0.976602278823 0.0239582906018
17 -0.00119762962402 1.18116994854e-05 0.97518913671 0.0254421038384
18 -0.00198206093721 9.70019919566e-06 0.971014783572 0.0298504378331
