1 0.0157059915339 1.29465749921e-05 0.97341372762 0.0273124074759
2 0.0119310369074 1.47015125166e-05 0.974415643253 0.0262561022034
3 0.0094490739251 1.58733876965e-05 0.97493878158 0.0257054277512
4 0.00744702316824 1.67577143422e-05 0.975274818745 0.0253520143944
5 0.00571792167605 1.74616763594e-05 0.975472293029 0.0251444425077
6 0.00404717496576 1.80366169331e-05 0.975506695816 0.0251082891544
7 0.00219276289036 1.8526941181e-05 0.975307400525 0.0253177608278
8 0.000341142444958 1.87207637271e-05 0.974580546328 0.0260824554299
9 -0.00139561379597 1.83460485487e-05 0.97277365755 0.0279883632128
10 -0.00254142598113 1.6767361218e-05 0.968047948014 0.0330066832211
11 0.00744855847688 1.47856129788e-05 0.976971757499 0.0235710421407
12 0.00413742979432 1.52390829704e-05 0.977737445598 0.0227694607453
13 0.00245183380661 1.4993812075e-05 0.977957188929 0.0225396483136
14 0.00131546250223 1.45687347301e-05 0.977857466221 0.0226439276889
15 0.000289056314004 1.38892220366e-05 0.977444039079 0.0230764729462
16 -0.000531110038859 1.29497868815e-05 0.976633048704 0.0239260296876
17 -0.00120062117129 1.1830236073e-05 0.975223652741 0.0254058104187
18 -0.00198759190512 9.72825961985e-06 0.971032615016 0.0298315262589
