1 0.0150124121305 1.39196859099e-05 0.972797250761 0.416718441787
2 0.0132862020861 1.46443315584e-05 0.973250551639 0.40236651808
3 0.0115429593561 1.53473386959e-05 0.973723393411 0.38788213089
4 0.00936550838371 1.62080402764e-05 0.974243323782 0.36502471093
5 0.00688896997577 1.71721084101e-05 0.974769129017 0.334090534298
6 0.00459740688092 1.80344611324e-05 0.975103790432 0.297444809099
7 0.00201808231003 1.88806576239e-05 0.975219445544 0.242094371108
8 -0.00078927952875 1.95428097894e-05 0.974820462885 0.0
9 -0.00329216274077 1.95261443082e-05 0.973316894862 0.0
10 -0.00603250051507 1.72276765052e-05 0.966361772869 -0.0
11 0.00740493475263 1.51128093715e-05 0.97610706591 0.327609464932
12 0.00339482265673 1.5490652103e-05 0.977540765927 0.266122293218
13 0.00144463576377 1.51647615996e-05 0.977988937509 0.21146909055
14 6.70166075712e-05 1.45000143343e-05 0.977924404406 0.147601521129
15 -0.00109504272461 1.34560946173e-05 0.977257741309 0.0
16 -0.00210932022706 1.17325850466e-05 0.97544692061 -0.0
17 -0.00313160976539 8.37859448731e-06 0.968689387434 -0.0
