1 0.0156417212193 1.31753237222e-05 0.973326389225
2 0.0103729361403 1.57133402726e-05 0.974562631765
3 0.00624023288568 1.75095479384e-05 0.975200529104
4 0.00305963961239 1.85781580646e-05 0.975163136517
5 0.00111917411291 1.88428095296e-05 0.974421631894
6 -0.000972706277605 1.77529625838e-05 0.97049151516
7 0.00876316571113 1.48383635615e-05 0.97611943769
8 0.00452056672572 1.56188652115e-05 0.977180558454
9 0.00245893440341 1.56599734388e-05 0.977000070104
10 0.000942215888826 1.54089618666e-05 0.976228104357
11 -0.000649924401348 1.45810727355e-05 0.974092438297
12 -0.00184197364321 1.27910459706e-05 0.968713095932
13 0.00198362716601 1.2763926473e-05 0.979714705076
14 -0.00065789842116 9.66461182144e-06 0.975465323412
