1 0.0150347553343 1.39127699537e-05 0.972789266057 0.4169388987
2 0.0133056034879 1.46392995937e-05 0.973245887987 0.402689650199
3 0.0115388094485 1.53504118623e-05 0.973726783192 0.387976581879
4 0.00936590531025 1.62098327156e-05 0.974245197179 0.365226184765
5 0.00690182267507 1.71687256762e-05 0.974768309823 0.334354270302
6 0.00459170945766 1.8037602518e-05 0.975107506137 0.297606984369
7 0.00201076041999 1.88855799119e-05 0.975223446471 0.242241005282
8 -0.000795873424751 1.95471190902e-05 0.974823475186 0.158713980878
9 -0.00329588393018 1.95258938745e-05 0.973319124871 0.0409724065029
10 -0.00603408089679 1.72273398222e-05 0.966359912952 -0.0631036081043
11 0.007403763615 1.51142613484e-05 0.976110643217 0.327657466459
12 0.00339932044695 1.54921362517e-05 0.97754041008 0.266265492502
13 0.00144069740382 1.5160173315e-05 0.977993823641 0.211299820008
14 6.25139676062e-05 1.44986200363e-05 0.977929045488 0.147545004911
15 -0.00109412396369 1.34505159298e-05 0.977261742897 0.0616815967861
16 -0.00210967335435 1.17286360964e-05 0.975457104145 -0.0686085682732
17 -0.00313474832775 8.37580614118e-06 0.968690775458 -0.0880071843029
