1 0.0157990876501 1.35612601736e-05 0.972576291525 1.60445732559
2 0.0142902855269 1.41739942182e-05 0.973004130527 1.601539567
3 0.0126106628943 1.4842136406e-05 0.973450837506 1.54963625021
4 0.0105776698075 1.56471568575e-05 0.973984935186 1.48043957041
5 0.0082732970826 1.65259829857e-05 0.974519992958 1.35898747853
6 0.00587309549372 1.74209420508e-05 0.974988377452 1.20716059352
7 0.00352314095532 1.82021399777e-05 0.975291553983 1.0213173396
8 0.00154974023853 1.8785433023e-05 0.975322498615 0.834405545387
9 -0.000656641050702 1.91945672059e-05 0.9748888284 0.57746290929
10 -0.0034062182983 1.90243510945e-05 0.973095596454 0.197510340525
11 -0.00620213630539 1.64627466014e-05 0.965431747577 -0.360611800521
12 0.0077353091312 1.50313783748e-05 0.976003890093 1.19978571388
13 0.00353529297104 1.55173244073e-05 0.977491222937 0.964146136659
14 0.00151067642132 1.51871320286e-05 0.977979361439 0.754069442352
15 -0.000170927351651 1.43087299749e-05 0.97787052656 0.487259639657
16 -0.00151762185983 1.27817647506e-05 0.976743001795 0.172025722431
17 -0.00242213336124 1.08682166188e-05 0.974364573282 -0.121748115952
18 -0.00319318751869 7.79096453896e-06 0.967606918719 -0.494663871682
