1 0.0156082023441 1.36100577302e-05 0.972646132025 1.3035299509
2 0.0141622306967 1.41907255462e-05 0.973048567871 1.2891065505
3 0.0125050552833 1.48922540063e-05 0.973503849981 1.24676586699
4 0.0104569352998 1.56634189767e-05 0.974051011357 1.17620572152
5 0.00816143690429 1.65518281979e-05 0.974573643814 1.06754097513
6 0.00574692905421 1.74328983655e-05 0.97502158827 0.922682957691
7 0.00352743616615 1.81811276102e-05 0.975280021462 0.762567460913
8 0.00152068985643 1.87799249597e-05 0.975340496548 0.604879051321
9 -0.000659503439783 1.92049539818e-05 0.974954648428 0.386775125843
10 -0.00337058588234 1.90669720488e-05 0.973184061855 0.0568907218519
11 -0.00617151436742 1.64091747661e-05 0.965357666114 -0.442508561583
12 0.00756371951069 1.50624647769e-05 0.976064370757 0.935840051653
13 0.00343754960868 1.54837655484e-05 0.977541633583 0.716985544052
14 0.00147226404069 1.51645443843e-05 0.977998968001 0.5337086569
15 -0.000168890111641 1.43095249166e-05 0.977833282118 0.300308918483
16 -0.00152376347556 1.27922940525e-05 0.976678044089 0.0245277863585
17 -0.00244543513521 1.08800651054e-05 0.974297702982 -0.233339789466
18 -0.00327621504075 7.78489280581e-06 0.967218407813 -0.564649401841
