1 0.0157858506844 1.35624440544e-05 0.972575235824 1.29668688662
2 0.0142396098142 1.41920639307e-05 0.973004566631 1.28295084477
3 0.0125791970868 1.48451924061e-05 0.973459044455 1.24313051402
4 0.0105163672238 1.56646050406e-05 0.973994377259 1.17140431536
5 0.00819423939395 1.65507677448e-05 0.974542471099 1.06663594924
6 0.00578315909067 1.74387429823e-05 0.9749963598 0.923794458385
7 0.00356354366927 1.819136267e-05 0.975274132458 0.767958757497
8 0.00152639192063 1.87911400613e-05 0.97531292382 0.599432245589
9 -0.00063095213035 1.91839909853e-05 0.974901395187 0.38225684714
10 -0.00341807195561 1.90432075252e-05 0.973094402652 0.0472969442003
11 -0.0061860800493 1.64450081422e-05 0.965407026337 -0.44138176402
12 0.00772073432433 1.50370825961e-05 0.975994264543 0.941549211923
13 0.00355803740942 1.5501951439e-05 0.977460184403 0.721390141687
14 0.00155783380064 1.51659873607e-05 0.977939763172 0.534407894643
15 -0.0001367515699 1.4307650602e-05 0.977841880544 0.301534616494
16 -0.00149080057795 1.27825987744e-05 0.976738397474 0.0250872855912
17 -0.00238984485435 1.08730255721e-05 0.974375385276 -0.231257890538
18 -0.00316103314767 7.78345848491e-06 0.96766403278 -0.557394829291
