1 0.0160777862577 1.28894080617e-05 0.973261224001 0.0274733805698
2 0.0120099645876 1.46995656194e-05 0.97438598975 0.0262873342809
3 0.00953139579806 1.58679838288e-05 0.97490067976 0.0257455151336
4 0.00754013013461 1.67368242969e-05 0.975244563242 0.025383824422
5 0.00591368905391 1.7383326262e-05 0.97543503533 0.0251835988939
6 0.00429264621784 1.79301566917e-05 0.97546684805 0.0251501647339
7 0.00261490086943 1.83516366083e-05 0.975259424073 0.0253681998119
8 0.000876132128722 1.85189436697e-05 0.974543168946 0.0261218095454
9 -0.000731668456605 1.8163175813e-05 0.972843318262 0.0279147538158
10 -0.00159178162695 1.66267352888e-05 0.968410493358 0.0326199549724
11 0.00741707578571 1.47965606016e-05 0.976963674522 0.0235795107518
12 0.00429486805702 1.51801589271e-05 0.977711230218 0.02279688429
13 0.00272168927252 1.49814184904e-05 0.97785231497 0.0226493149191
14 0.00161884944343 1.45618600917e-05 0.977761400266 0.0227444034253
15 0.000681881072183 1.38793269286e-05 0.977366652195 0.0231574790571
16 -0.000115088956455 1.30249785345e-05 0.976588937737 0.0239722787938
17 -0.000774865239874 1.19225673217e-05 0.975247871188 0.0253803463928
18 -0.00156496192441 9.86395400927e-06 0.971201652569 0.0296522841966
