1 0.0150890724538 1.39123395016e-05 0.972746204043 0.416462296433
2 0.0132913359154 1.4638738304e-05 0.973242238608 0.402073448408
3 0.011572651862 1.53367248043e-05 0.973676494378 0.38623307941
4 0.00936554081657 1.62218495772e-05 0.974227462746 0.364592022375
5 0.00699361651081 1.71448772515e-05 0.974718484508 0.334283376544
6 0.0046233248044 1.80322083919e-05 0.975082601283 0.297368128204
7 0.00200529134708 1.88992432848e-05 0.975205142494 0.241036480516
8 -0.000759759102858 1.95142415902e-05 0.974765491999 0.156555247685
9 -0.00333726371026 1.95089248215e-05 0.973236125178 0.0365718191483
10 -0.00605419993315 1.72491942267e-05 0.966384231766 -0.251477461672
11 0.00755093535767 1.50937344885e-05 0.976034864168 0.328590744306
12 0.00350489424287 1.55091477286e-05 0.977461624254 0.267798754631
13 0.00152729949634 1.51677447167e-05 0.977937156201 0.211996486853
14 7.84239838937e-05 1.45033620615e-05 0.977916386888 0.14733775126
15 -0.00105360646205 1.34299704325e-05 0.977288749328 0.0611547805015
16 -0.00205395540039 1.17192091527e-05 0.97552126818 -0.0678030501709
17 -0.00303142819972 8.39186403034e-06 0.969100871776 -0.344382380869
