1 0.0155006523223 1.29885062242e-05 0.9735087429 0.0272121408929
2 0.0117662056393 1.47601514771e-05 0.974452805915 0.0262169639458
3 0.00935894491747 1.59272311033e-05 0.974946149747 0.0256976759586
4 0.00723313614435 1.68567154202e-05 0.975324396165 0.025299894039
5 0.00565172010233 1.74943188395e-05 0.975473088945 0.0251436060324
6 0.0038599715043 1.8108246387e-05 0.97555443332 0.0250581267203
7 0.00196979788233 1.85945007447e-05 0.975340390322 0.0252830805394
8 0.000150080249919 1.87512549182e-05 0.974559173598 0.0261049581409
9 -0.00153840393015 1.83389242044e-05 0.972738092136 0.0280259487053
10 -0.00269723665067 1.66936833224e-05 0.967777171887 0.0332957100875
11 0.0073749885009 1.48048521878e-05 0.976988295223 0.0235537159181
12 0.00396838749338 1.52314773141e-05 0.9777907536 0.0227137005553
13 0.00229271559601 1.50061039129e-05 0.97795332729 0.0225436859677
14 0.00118814408796 1.4539432175e-05 0.977885255615 0.0226148664097
15 0.000174775634486 1.38174309502e-05 0.977402916646 0.0231195169879
16 -0.000636465976206 1.2894474422e-05 0.97655790023 0.0240048232833
17 -0.00129126961994 1.17161963291e-05 0.975058123387 0.0255798869387
18 -0.00210773877452 9.61392591754e-06 0.970686778726 0.0301984346751
