1 0.0157858506844 1.35624440544e-05 0.972575235824 0.10698619624
2 0.0142396098142 1.41920639307e-05 0.973004566631 0.106428804475
3 0.0125791970868 1.48451924061e-05 0.973459044455 0.103951709409
4 0.0105163672238 1.56646050406e-05 0.973994377259 0.103447474965
5 0.00819423939395 1.65507677448e-05 0.974542471099 0.101085612511
6 0.00578315909067 1.74387429823e-05 0.9749963598 0.0982246020761
7 0.00356354366927 1.819136267e-05 0.975274132458 0.0951325264011
8 0.00152639192063 1.87911400613e-05 0.97531292382 0.0928132133936
9 -0.00063095213035 1.91839909853e-05 0.974901395187 0.0877171112261
10 -0.00341807195561 1.90432075252e-05 0.973094402652 0.0799977535174
11 -0.0061860800493 1.64450081422e-05 0.965407026337 0.0651784779914
12 0.00772073432433 1.50370825961e-05 0.975994264543 0.10837724858
13 0.00355803740942 1.5501951439e-05 0.977460184403 0.108574380741
14 0.00155783380064 1.51659873607e-05 0.977939763172 0.108552849668
15 -0.0001367515699 1.4307650602e-05 0.977841880544 0.10729701081
16 -0.00149080057795 1.27825987744e-05 0.976738397474 0.106328478724
17 -0.00238984485435 1.08730255721e-05 0.974375385276 0.104192321017
18 -0.00316103314767 7.78345848491e-06 0.96766403278 0.100266263741
