1 0.0157990876514 1.35612625466e-05 0.972576291505 0.10698619624
2 0.0142902855283 1.41739970168e-05 0.973004130508 0.106428804475
3 0.0126106628955 1.48421390026e-05 0.973450837489 0.103951709409
4 0.0105776698081 1.56471581785e-05 0.973984935179 0.103447474965
5 0.00827329708664 1.65259914868e-05 0.974519992899 0.101085612511
6 0.00587309549265 1.74209397582e-05 0.974988377467 0.0982246020761
7 0.00352314095633 1.82021421711e-05 0.975291553969 0.0951325264011
8 0.00154974023763 1.8785430878e-05 0.975322498626 0.0928132133936
9 -0.000656641055113 1.91945582083e-05 0.974888828475 0.0877171112261
10 -0.0034062182979 1.90243519316e-05 0.973095596447 0.0799977535174
11 -0.00620213630224 1.6462752821e-05 0.965431747516 0.0651784779914
12 0.00773530913051 1.50313770894e-05 0.976003890105 0.10837724858
13 0.00353529296932 1.55173207805e-05 0.977491222964 0.108574380741
14 0.00151067642037 1.51871302669e-05 0.977979361457 0.108552849668
15 -0.000170927349202 1.43087349984e-05 0.977870526519 0.10729701081
16 -0.00151762186018 1.27817640779e-05 0.976743001801 0.106328478724
17 -0.00242213335838 1.08682224508e-05 0.974364573232 0.104192321017
18 -0.00319318751703 7.79096812645e-06 0.967606918692 0.100266263741
