1 0.0156082023441 1.36100577302e-05 0.972646132025 0.10698619624
2 0.0141622306967 1.41907255462e-05 0.973048567871 0.106428804475
3 0.0125050552833 1.48922540063e-05 0.973503849981 0.103951709409
4 0.0104569352998 1.56634189767e-05 0.974051011357 0.103447474965
5 0.00816143690429 1.65518281979e-05 0.974573643814 0.101085612511
6 0.00574692905421 1.74328983655e-05 0.97502158827 0.0982246020761
7 0.00352743616615 1.81811276102e-05 0.975280021462 0.0951325264011
8 0.00152068985643 1.87799249597e-05 0.975340496548 0.0928132133936
9 -0.000659503439783 1.92049539818e-05 0.974954648428 0.0877171112261
10 -0.00337058588234 1.90669720488e-05 0.973184061855 0.0799977535174
11 -0.00617151436742 1.64091747661e-05 0.965357666114 0.0651784779914
12 0.00756371951069 1.50624647769e-05 0.976064370757 0.10837724858
13 0.00343754960868 1.54837655484e-05 0.977541633583 0.108574380741
14 0.00147226404069 1.51645443843e-05 0.977998968001 0.108552849668
15 -0.000168890111641 1.43095249166e-05 0.977833282118 0.10729701081
16 -0.00152376347556 1.27922940525e-05 0.976678044089 0.106328478724
17 -0.00244543513521 1.08800651054e-05 0.974297702982 0.104192321017
18 -0.00327621504075 7.78489280581e-06 0.967218407813 0.100266263741
