1 0.017212565372 1.25306126347e-05 0.972861112801
2 0.0110104731378 1.55012700064e-05 0.974411386525
3 0.00585174812843 1.77919236885e-05 0.975260161236
4 0.00254399221798 1.88971415448e-05 0.975183503549
5 0.000473742531715 1.91629048432e-05 0.974376866801
6 -0.00177187263826 1.79113899939e-05 0.970072023208
7 0.00823932794611 1.50288927254e-05 0.976336860212
8 0.00392233942938 1.57905723695e-05 0.977356314488
9 0.00188246360892 1.57703157699e-05 0.977134501445
10 0.000353595227541 1.5441659092e-05 0.976233330803
11 -0.00119559452966 1.45143220446e-05 0.973919864077
12 -0.00240980842005 1.25726960682e-05 0.968134842328
13 0.00121713848034 1.25645459061e-05 0.980085158269
14 -0.00113223816512 9.23392251948e-06 0.974982577737
