1 0.0156191719171 1.29427734917e-05 0.973457613044 0.0272660941529
2 0.0118285887994 1.4748130339e-05 0.974413972125 0.0262578622324
3 0.00938034408165 1.59172641579e-05 0.974930232525 0.025714422024
4 0.00723466066543 1.68643921202e-05 0.97530968017 0.0253153642751
5 0.00561507478786 1.75056451658e-05 0.975497017701 0.025118459482
6 0.00380763964174 1.81400606622e-05 0.975550021834 0.0250627621728
7 0.00186145641736 1.86529265166e-05 0.97533637987 0.0252872963856
8 1.05014001119e-05 1.88003595433e-05 0.974550017851 0.0261145982179
9 -0.00176379542656 1.8394861707e-05 0.972665947712 0.0281021992837
10 -0.00307025204301 1.66412380044e-05 0.967345506055 0.0337568052968
11 0.00735053857912 1.48589483077e-05 0.9769684652 0.0235744915277
12 0.00395933498571 1.52740612137e-05 0.97776261005 0.0227431379936
13 0.00227457842971 1.50635220695e-05 0.977904407375 0.022594839006
14 0.00114840381535 1.46020699723e-05 0.977819295121 0.0226838486447
15 9.4012361586e-05 1.38510449716e-05 0.977323043624 0.0232031328031
16 -0.000745255522664 1.29147404006e-05 0.976442582877 0.0241257576062
17 -0.00141440845672 1.17181721697e-05 0.974831973064 0.0258178102813
18 -0.0023041933198 9.48326423003e-06 0.969921639216 0.0310111245252
