1 0.0157963753566 1.2911735114e-05 0.973383896912 0.0273438909008
2 0.0119722711064 1.47063733859e-05 0.974376739523 0.026297077315
3 0.00940277146517 1.59024078848e-05 0.974933265939 0.0257112306389
4 0.007343566183 1.68095373152e-05 0.97530353289 0.0253218267571
5 0.00563275351766 1.75216023984e-05 0.975476851363 0.0251396520772
6 0.00387925842959 1.80974691783e-05 0.975535660823 0.025077852213
7 0.002061650683 1.85795110942e-05 0.975301650381 0.0253238058378
8 0.000146045409964 1.87652719809e-05 0.974528652301 0.0261370947079
9 -0.00169520341904 1.83922637482e-05 0.972664530335 0.0281036974562
10 -0.00286027796649 1.66815539735e-05 0.967564726753 0.0335225875347
11 0.00736769738682 1.48545630658e-05 0.976950257518 0.0235935681805
12 0.00406480871513 1.52685474199e-05 0.97773075499 0.0227764595556
13 0.00233738668846 1.50524397911e-05 0.977940565498 0.0225570298245
14 0.00118289170746 1.4611231751e-05 0.977823115018 0.0226798534898
15 0.000157000964349 1.39131937578e-05 0.977358578613 0.0231659309617
16 -0.00063840434616 1.29879979438e-05 0.976504033686 0.0240613100389
17 -0.00130176600586 1.18228459278e-05 0.974977959506 0.0256642114158
18 -0.002132235625 9.56188717322e-06 0.970339365388 0.0305672795028
