1 0.015816914822 1.29018277557e-05 0.973378469515 0.0273496191812
2 0.0120305210135 1.46836332115e-05 0.974364273385 0.0263102078774
3 0.00949448977487 1.58628928061e-05 0.974923052388 0.0257219762695
4 0.00744093121496 1.67836506301e-05 0.9752679259 0.0253592612312
5 0.00570549160636 1.746209145e-05 0.975489055611 0.0251268266455
6 0.00399153198292 1.80754163285e-05 0.975511650583 0.0251030824559
7 0.00213032192259 1.85659860859e-05 0.975304317607 0.0253210018408
8 0.00022570064818 1.87658146839e-05 0.974572038917 0.0260914125127
9 -0.00159176646477 1.8382045777e-05 0.972689993517 0.0280767836112
10 -0.00284983715769 1.67106623288e-05 0.967649186399 0.0334323782385
11 0.00745457907964 1.48349339211e-05 0.97694138823 0.0236028609405
12 0.00413155315987 1.52897053633e-05 0.977711401353 0.0227967052788
13 0.00244286027582 1.50610142306e-05 0.977910288413 0.0225886891653
14 0.00124905308671 1.4633896802e-05 0.97781560525 0.0226877077997
15 0.000227301907482 1.39284640414e-05 0.977376923076 0.0231467271321
16 -0.000610128374266 1.2986591783e-05 0.976521803929 0.0240426747015
17 -0.00131591107338 1.18391376049e-05 0.97502935834 0.0256101433916
18 -0.00214868604801 9.60101338318e-06 0.970384802936 0.0305190239068
