1 0.0160958472577 1.13292057545e-05 0.97490483031
2 0.0149286267349 1.22966509878e-05 0.974789700757
3 0.0125133974502 1.35835996081e-05 0.97533964058
4 0.00993154629166 1.50007817683e-05 0.975854360014
5 0.00661767021415 1.67645709929e-05 0.976412834511
6 0.00288554809194 1.84952971725e-05 0.976713603206
7 -0.000260193517448 1.94627827699e-05 0.976295860903
8 -0.00437052458295 1.88774663165e-05 0.971493578607
9 0.0121185995459 1.30505694058e-05 0.975977661055
10 0.00840892557976 1.48768025582e-05 0.976650544714
11 0.00497391687106 1.62400575479e-05 0.97720969814
12 0.00223104960437 1.70088093631e-05 0.977312060903
13 -0.000100720219481 1.72974066645e-05 0.976806023901
14 -0.00348566334119 1.6073204561e-05 0.972114478612
15 0.00625252809077 1.43305936628e-05 0.978407526153
16 0.00369783447536 1.48814320484e-05 0.978840715032
17 0.00207769499915 1.48127042289e-05 0.978995098055
18 0.000913989284206 1.44782194313e-05 0.978855420142
19 -0.000134983634864 1.38629141958e-05 0.978396964436
20 -0.00107086651328 1.28868907777e-05 0.977359535492
21 -0.00234714738989 1.03019298221e-05 0.972811639065
