1 0.015067472383 1.39165465373e-05 0.972749156727 0.415880205029
2 0.0132724901484 1.46442050036e-05 0.973245658595 0.401820783271
3 0.0115512932309 1.5342185587e-05 0.973683340224 0.38600895185
4 0.00936139443088 1.62246577273e-05 0.974224531365 0.364381809368
5 0.00699345711817 1.71417981599e-05 0.974720588045 0.33427738054
6 0.00461607509147 1.80343543151e-05 0.975078467477 0.296903484618
7 0.00199416490797 1.88972332257e-05 0.975204793026 0.240653456782
8 -0.000766255595695 1.95120784118e-05 0.974759519247 0.0
9 -0.00333133638742 1.9504961502e-05 0.973233398468 0.0
10 -0.00605082160204 1.72474259742e-05 0.966387344343 -0.0
11 0.00754298531672 1.50901842477e-05 0.976037178549 0.328204908887
12 0.00349537779165 1.55121841072e-05 0.977460887609 0.267457369853
13 0.00152819747673 1.51652554115e-05 0.977926954297 0.211649218059
14 9.03396885115e-05 1.4498670382e-05 0.977915036987 0.147481744574
15 -0.00105132107453 1.34291298647e-05 0.977280493805 0.0
16 -0.00204929325768 1.17139609036e-05 0.975524041281 -0.0
17 -0.00303048748101 8.39554363926e-06 0.969101273842 -0.0
