1 0.0161949398817 1.28517905991e-05 0.97322185592
2 0.0120208339208 1.48818229902e-05 0.974227715924
3 0.00944645382939 1.61039504588e-05 0.974791249414
4 0.00744827917384 1.7018917578e-05 0.975118326088
5 0.00576341291971 1.77193214384e-05 0.975310351129
6 0.00412940698863 1.82914950524e-05 0.975318191251
7 0.00240770193859 1.87664492958e-05 0.97508083424
8 0.000933826187123 1.89442359059e-05 0.974460697459
9 -0.000300058692084 1.88251502442e-05 0.973473055898
10 -0.00132623525583 1.82444811446e-05 0.971546171856
11 -0.00168741418214 1.66676657575e-05 0.967152775795
12 0.00937916730668 1.46538901236e-05 0.975994310234
13 0.00611651869252 1.54842705007e-05 0.976907190614
14 0.00447080988796 1.5616375232e-05 0.977300435835
15 0.00317150402411 1.56653671811e-05 0.977278704979
16 0.0019852402011 1.56225993304e-05 0.976933557751
17 0.000806031022705 1.54121264669e-05 0.976311270407
18 -0.00028142749391 1.49605056405e-05 0.975120799233
19 -0.00131260472103 1.40552456652e-05 0.97276198348
20 -0.00215963240975 1.24565221722e-05 0.967608271335
21 0.00205122618537 1.28910546823e-05 0.979939897169
22 4.28195741052e-05 1.10787410569e-05 0.978296418829
23 -0.00125437414563 8.51306313211e-06 0.973327220394
