1 0.0156082023458 1.36100612231e-05 0.972646132002 1.3035299509
2 0.0141622306967 1.41907258247e-05 0.973048567875 1.2891065505
3 0.0125050552829 1.48922531815e-05 0.973503849985 1.24676586699
4 0.010456935297 1.56634135798e-05 0.974051011401 1.17620572152
5 0.00816143690464 1.6551829247e-05 0.974573643812 1.06754097513
6 0.00574692905227 1.74328949847e-05 0.975021588307 0.922682957691
7 0.00352743616314 1.81811217771e-05 0.975280021514 0.762567460913
8 0.00152068985832 1.87799289244e-05 0.975340496518 0.604879051321
9 -0.000659503442309 1.92049485611e-05 0.974954648468 0.386775125843
10 -0.00337058588164 1.9066973426e-05 0.973184061841 0.0568907218519
11 -0.0061715143749 1.64091596043e-05 0.965357666252 -0.442508561583
12 0.00756371951556 1.50624748031e-05 0.976064370683 0.935840051653
13 0.00343754960981 1.54837677242e-05 0.977541633563 0.716985544052
14 0.00147226404573 1.51645543688e-05 0.977998967914 0.5337086569
15 -0.000168890112959 1.43095223406e-05 0.977833282142 0.300308918483
16 -0.0015237634769 1.27922917194e-05 0.976678044117 0.0245277863585
17 -0.00244543513239 1.08800709346e-05 0.974297702934 -0.233339789466
18 -0.00327621503997 7.78489495266e-06 0.967218407806 -0.564649401841
