1 0.0161948059248 1.28518419805e-05 0.973221899657
2 0.0120208339224 1.48818265344e-05 0.974227715902
3 0.00944645382763 1.61039467701e-05 0.97479124944
4 0.00744827917578 1.70189216885e-05 0.97511832606
5 0.00576341292045 1.77193229815e-05 0.975310351117
6 0.00412940699009 1.82914982425e-05 0.975318191231
7 0.00240770194183 1.87664560872e-05 0.97508083419
8 0.000933826190095 1.89442419431e-05 0.974460697409
9 -0.000629145797331 1.86864187134e-05 0.97297966531
10 -0.00164280825595 1.71276273905e-05 0.968417487563
11 0.0093791673037 1.46538840035e-05 0.975994310279
12 0.00611528736058 1.54923644979e-05 0.976896009913
13 0.0043881011916 1.5804154163e-05 0.977050966028
14 0.00280060059363 1.59647644116e-05 0.976870574649
15 0.00139095789771 1.59066523874e-05 0.976363386046
16 -0.000247451957825 1.54041436201e-05 0.974885686818
17 -0.00183353421445 1.36454075359e-05 0.969700891867
18 0.00323156966286 1.37835890579e-05 0.979463326939
19 0.00118602165642 1.28399386112e-05 0.979007909785
20 -7.21034438842e-05 1.14699616242e-05 0.977748894581
21 -0.00127319276456 9.01784448411e-06 0.973154940427
