1 0.0157265775266 1.29470425206e-05 0.97339870207 0.0273282652708
2 0.0118918917123 1.4865875366e-05 0.974296685183 0.0263814043499
3 0.00939203403084 1.60946916754e-05 0.974806855204 0.0258442425106
4 0.00737899680281 1.70152396415e-05 0.975145855583 0.0254876173267
5 0.00562962865543 1.77540870769e-05 0.975320024548 0.0253044896104
6 0.00398659029366 1.83644615682e-05 0.975326364959 0.0252978243234
7 0.00211292262985 1.88827937207e-05 0.975103569238 0.0255320886185
8 0.000474957980766 1.91185645423e-05 0.974523507025 0.0261425125195
9 -0.00117889355792 1.88742513242e-05 0.972966010934 0.0277851319981
10 -0.00249028646252 1.73190783325e-05 0.968214681777 0.0328287917832
11 0.00942156642885 1.46172821835e-05 0.975988813796 0.0246019071512
12 0.00608469812888 1.54782010189e-05 0.97692208652 0.0236230849983
13 0.00431260631149 1.58301599542e-05 0.977068583264 0.0234696080793
14 0.00263014744387 1.60222707829e-05 0.976910756772 0.0236349564737
15 0.00110334779803 1.59653579973e-05 0.976412956302 0.0241568319221
16 -0.000599554745425 1.54614336785e-05 0.974934444642 0.0257099905391
17 -0.00240835246059 1.36713405956e-05 0.969628806589 0.0313224949363
18 0.00307855648858 1.37973944098e-05 0.979542270757 0.0208849886942
19 0.000883249447582 1.28572867851e-05 0.979106604712 0.0213392445716
20 -0.000358705553728 1.14319066004e-05 0.977816049794 0.0226872428694
21 -0.00154083756841 8.97671051407e-06 0.973237127967 0.0274988194338
