1 0.0156906931243 1.29493549531e-05 0.973423372569 0.0273022285499
2 0.0118710397592 1.48660562923e-05 0.974302982829 0.0263747700792
3 0.00928462576044 1.61345958483e-05 0.974842336257 0.0258069051458
4 0.00727909248449 1.70482086344e-05 0.975175927105 0.0254559943754
5 0.00556278244862 1.77882496323e-05 0.975332262953 0.0252916242005
6 0.00384446190683 1.84055496731e-05 0.975364353223 0.0252578912363
7 0.00205920685979 1.89013395855e-05 0.975103700942 0.0255319501423
8 0.000376437473102 1.9122112528e-05 0.974474180428 0.0261944544821
9 -0.00125131028397 1.88883896495e-05 0.972932490543 0.0278205422487
10 -0.00251593261222 1.729038327e-05 0.968143387193 0.0329048498614
11 0.00939740078359 1.46275304082e-05 0.975984713629 0.0246062115682
12 0.00604277179752 1.55093790492e-05 0.97691655918 0.0236288766039
13 0.00424586821398 1.58276662313e-05 0.977077472218 0.0234602971135
14 0.00260057311703 1.60071933702e-05 0.976919045864 0.0236262710116
15 0.00103279014867 1.59578970065e-05 0.976413795559 0.0241559516335
16 -0.000680295779371 1.5442517833e-05 0.97490196261 0.0257441654277
17 -0.00242526735355 1.36490117681e-05 0.969553338808 0.0314027706654
18 0.0030169070202 1.37993115615e-05 0.979558214647 0.0208683721579
19 0.000845580660359 1.28310794882e-05 0.979121565216 0.0213236390252
20 -0.000370768262951 1.14174775299e-05 0.977774459169 0.0227307438521
21 -0.00154104926615 8.95605788694e-06 0.973210706183 0.0275267150832
