1 0.0155137017856 1.29862554149e-05 0.973495364555 0.0272262574149
2 0.0117366804563 1.49235667914e-05 0.974329049094 0.0263473114425
3 0.00922257887179 1.61622067971e-05 0.974848283423 0.0258006471337
4 0.00717970861511 1.70985997443e-05 0.97518071033 0.0254509645484
5 0.0055563542822 1.7799008995e-05 0.975335086253 0.0252886562592
6 0.00374925246933 1.84329327915e-05 0.975389245828 0.0252317259387
7 0.00190818532212 1.89656526596e-05 0.975146405279 0.0254870392545
8 0.000270005549862 1.91593042589e-05 0.974487232996 0.0261807093901
9 -0.0013272963726 1.88909212469e-05 0.972920971782 0.027832710927
10 -0.00263472648258 1.72546674487e-05 0.968001970153 0.0330557486684
11 0.00936256197923 1.46467461473e-05 0.975988832457 0.0246018875574
12 0.00600923271545 1.55239926002e-05 0.976938930548 0.0236054360533
13 0.00410837829125 1.58763402723e-05 0.977096413047 0.0234404574788
14 0.00249986589623 1.59966085802e-05 0.976942004391 0.0236022153304
15 0.000906845546927 1.59551815503e-05 0.976488021073 0.0240781027628
16 -0.000784564814529 1.5404652277e-05 0.974920128583 0.0257250524371
17 -0.00254707898394 1.3547698263e-05 0.969349327723 0.0316198415758
18 0.00297994747059 1.37869832588e-05 0.979565395106 0.0208608889206
19 0.000802466779954 1.27919317434e-05 0.979053863744 0.0213942634434
20 -0.0004292965993 1.13136132887e-05 0.977727958253 0.0227793851357
21 -0.00165466288426 8.84681942683e-06 0.972944613719 0.0278077353008
