1 0.0190857640623 1.16977617829e-05 0.972289515949 0.0285002394585
2 0.0132916885486 1.44280772611e-05 0.973865321672 0.0268360292992
3 0.00995952924048 1.60217962592e-05 0.974651563586 0.0260076907108
4 0.00739410317127 1.71263733598e-05 0.975212510151 0.0254175265028
5 0.00548568046707 1.78845695053e-05 0.975479976589 0.0251363677603
6 0.00349394071931 1.85428189848e-05 0.975651828899 0.0249557992374
7 0.0014425770464 1.9042720594e-05 0.975496032875 0.0251194944339
8 -0.000530676887615 1.91969060701e-05 0.97475687214 0.0258968452264
9 -0.00239091538226 1.87494739354e-05 0.9728904029 0.0278650061899
10 -0.00383007254105 1.69126324002e-05 0.967444735402 0.0336507745004
11 0.00762433823801 1.49422427023e-05 0.976916589187 0.0236288451377
12 0.00383035588618 1.54699823516e-05 0.977974247681 0.022521812168
13 0.00206092273789 1.52077473625e-05 0.978217652732 0.0222673831667
14 0.000927201661475 1.46916897886e-05 0.978177755791 0.0223090783415
15 -8.14702280374e-05 1.39283676581e-05 0.977719106621 0.022788644747
16 -0.000881582879689 1.29382437496e-05 0.976897555564 0.0236487893065
17 -0.00152726891248 1.17023487202e-05 0.975369539493 0.0252524396897
18 -0.00230275133822 9.52292637479e-06 0.970784510341 0.0300947217123
