1 0.0191903032382 1.16656038694e-05 0.972264989735 0.0285261842583
2 0.0133426032132 1.44120201823e-05 0.973862202861 0.02683931776
3 0.0100090181604 1.59736071225e-05 0.974660449566 0.0259983365887
4 0.0075068412645 1.7082531828e-05 0.97517458443 0.0254574062422
5 0.00546099249301 1.78816408236e-05 0.975498031419 0.0251173941709
6 0.00356131949327 1.8511614185e-05 0.975620541659 0.0249886685248
7 0.00157557591327 1.90127835679e-05 0.975468798353 0.0251481151394
8 -0.000485539271792 1.91969606992e-05 0.974744489286 0.0259098779731
9 -0.00237779360364 1.87562038964e-05 0.972851730977 0.0279058649997
10 -0.00385155501122 1.69888439024e-05 0.967560970236 0.0335266001101
11 0.00765407891026 1.49105726e-05 0.976937039231 0.023607417708
12 0.00388501541372 1.54503054592e-05 0.977957375475 0.0225394532386
13 0.00211065832425 1.52107362842e-05 0.978223793956 0.0222609654124
14 0.000964709668794 1.47288766493e-05 0.978136370109 0.0223523330277
15 -3.25669939727e-05 1.39614214041e-05 0.977748183594 0.0227582283411
16 -0.00082114965853 1.29952728406e-05 0.976934124682 0.0236104714988
17 -0.0014610487388 1.17836793062e-05 0.975482379464 0.0251338425689
18 -0.00224712873055 9.59116379335e-06 0.971103451767 0.0297564055986
