1 0.0192240403254 1.16503173241e-05 0.972252830391 0.0285390473812
2 0.0133453580009 1.43949434094e-05 0.973875831591 0.0268249478431
3 0.0101020659692 1.59516336582e-05 0.974628541863 0.0260319260889
4 0.00756382065092 1.70681031715e-05 0.975149227987 0.0254840708082
5 0.00556583944241 1.78425225126e-05 0.975474082569 0.0251425618758
6 0.00363394650392 1.84960484838e-05 0.975608070467 0.0250017709745
7 0.00162529603345 1.89900177165e-05 0.975473845316 0.025142811152
8 -0.000414157111196 1.91785838859e-05 0.974757126331 0.0258965777064
9 -0.00235822988397 1.87720811057e-05 0.972888284351 0.0278672444353
10 -0.00382798726908 1.70151659502e-05 0.967639382792 0.0334428483861
11 0.00770881442782 1.48867281353e-05 0.976924420459 0.023620639466
12 0.00392219465556 1.54624169687e-05 0.977945704019 0.0225516568916
13 0.00215806220818 1.52048100472e-05 0.978202119361 0.0222836162485
14 0.000973800553442 1.47414801146e-05 0.978155846574 0.0223319765224
15 -5.26753619292e-06 1.3991523434e-05 0.977764795028 0.0227408525243
16 -0.000825574684979 1.30120773826e-05 0.976953750919 0.0235899080286
17 -0.00147344907867 1.18187239267e-05 0.975516840387 0.0250976288694
18 -0.00226413617361 9.62157226986e-06 0.971126943928 0.0297314951765
