1 0.0193878558698 1.16011653119e-05 0.972187721948
2 0.0133528439255 1.46322937115e-05 0.973679876684
3 0.00999747428533 1.62535729783e-05 0.974490067256
4 0.00738587383716 1.74254278476e-05 0.975026124679
5 0.0053635140418 1.8239046426e-05 0.975347308577
6 0.00337028617484 1.89339195478e-05 0.975462863772
7 0.00134620718532 1.94601762665e-05 0.975293496155
8 -0.000450051929479 1.96806825925e-05 0.97466978284
9 -0.00187238348127 1.95333446627e-05 0.973602719144
10 -0.00319321724441 1.88723289622e-05 0.971415091392
11 -0.0041970509429 1.70594880492e-05 0.966054359045
12 0.0100585062234 1.4571916767e-05 0.975783603587
13 0.00599726153639 1.57298766949e-05 0.977002810395
14 0.00409763772786 1.59069500087e-05 0.97752898975
15 0.00261907909587 1.59644071258e-05 0.97756767554
16 0.00126563149345 1.59110909283e-05 0.977233090819
17 -4.80238348352e-05 1.566294679e-05 0.976596116199
18 -0.00124104867975 1.5142478112e-05 0.975341706586
19 -0.00243668193944 1.41038888795e-05 0.972773026338
20 -0.00356028665366 1.2270675049e-05 0.966892507511
21 0.00156930116149 1.30283254489e-05 0.980340618973
22 -0.000432186153942 1.1001719651e-05 0.978652227988
23 -0.00163273004922 8.32261634197e-06 0.973434442096
