1 0.0146113611594 1.32569263782e-05 0.973858721722 0.0268429882795
2 0.0136078750973 1.38996643463e-05 0.973866351019 0.0268349439779
3 0.0122613220835 1.4600055684e-05 0.974043097636 0.0266486179079
4 0.0104211699192 1.54896068926e-05 0.974355754843 0.0263191806359
5 0.00822651880959 1.64846629438e-05 0.97472128695 0.0259342987459
6 0.00588995236188 1.74822142552e-05 0.975045007545 0.0255936826246
7 0.00359102531969 1.83496025982e-05 0.975263183985 0.0253642466845
8 0.00157591720694 1.90242897258e-05 0.975253316845 0.0253746208533
9 -0.000666241204577 1.95098775292e-05 0.974825900298 0.0258242007101
10 -0.00351761633033 1.94537601142e-05 0.97301983591 0.0277282775387
11 -0.00633772209531 1.68749508381e-05 0.965292994267 0.0359548923665
12 0.00723599413557 1.46600220519e-05 0.976789216634 0.0237623255427
13 0.00345792620182 1.5268668249e-05 0.977838404092 0.0226638633121
14 0.00153173773384 1.50382413476e-05 0.978166254761 0.022321098452
15 -0.000129876045428 1.42493466091e-05 0.978004170652 0.0224905271715
16 -0.00149131010816 1.27742932574e-05 0.976867176972 0.0236806227148
17 -0.00239378882709 1.08885335101e-05 0.974484850253 0.0261832184022
18 -0.00317188979353 7.80974607492e-06 0.967736721013 0.033338901278
