1 0.014719220117 1.32217240824e-05 0.973823762285 0.0268798510819
2 0.0136670793025 1.38966967345e-05 0.973845299141 0.0268571413392
3 0.0122879677698 1.45974852282e-05 0.974044805093 0.0266468182224
4 0.0104760141396 1.54785792603e-05 0.974342392787 0.0263332555636
5 0.00830630650951 1.64569943483e-05 0.974702695336 0.0259538675793
6 0.0059749126777 1.74537810147e-05 0.975034322882 0.025604921277
7 0.00360793214106 1.83485137094e-05 0.975256366418 0.0253714145792
8 0.00155237151184 1.90317039981e-05 0.975265750818 0.0253615480246
9 -0.000696392760208 1.9525982567e-05 0.974809128184 0.0258418505759
10 -0.00352784958769 1.94412803844e-05 0.973002341175 0.0277467562661
11 -0.00635269337683 1.69033410754e-05 0.965353352281 0.0358901200259
12 0.0072541291156 1.46418074355e-05 0.976810294533 0.0237402345256
13 0.00344244098205 1.52747870648e-05 0.977860375102 0.022640885599
14 0.00149114232045 1.50485641395e-05 0.978209070016 0.0222763524398
15 -0.000165971215002 1.42405480212e-05 0.978032339945 0.0224610773765
16 -0.00151473421963 1.27591292852e-05 0.976877938148 0.0236693459371
17 -0.00241925003267 1.08719933558e-05 0.974494938217 0.0261725954384
18 -0.00318978407852 7.79971714773e-06 0.967739334803 0.033336110341
