1 0.0144834328419 1.33010660362e-05 0.973902280481 0.0267970617034
2 0.0135985203728 1.39229920715e-05 0.973844427561 0.0268580603896
3 0.012160207527 1.46551015356e-05 0.974092563024 0.0265964836889
4 0.0103929546826 1.55122291333e-05 0.97435276162 0.0263223335023
5 0.00819150900935 1.64943917326e-05 0.974739276358 0.0259153645269
6 0.00582525837783 1.74954110842e-05 0.975058766961 0.0255792101015
7 0.00360930264649 1.83327816728e-05 0.975266565731 0.0253606912984
8 0.00156973544068 1.90225307071e-05 0.975274252177 0.0253526100868
9 -0.000682239922182 1.95246688109e-05 0.97488778334 0.0257590844173
10 -0.00347516166987 1.94701790772e-05 0.973092810988 0.0276512051942
11 -0.00630665773387 1.6858138287e-05 0.965333698395 0.035911210459
12 0.00712322284155 1.47018812282e-05 0.97680648397 0.0237442281417
13 0.00334288768229 1.52643740258e-05 0.977887281222 0.0226127481034
14 0.00145536488743 1.50185491232e-05 0.978225293046 0.0222593987823
15 -0.000152123027444 1.42490297335e-05 0.97799994478 0.0224949452322
16 -0.00150808516326 1.27830693991e-05 0.976828994817 0.0237206361228
17 -0.00243101538042 1.08838964898e-05 0.974455121378 0.0262145255038
18 -0.00325349856209 7.80501129194e-06 0.967425057741 0.0336717991425
