1 0.0151956487035 1.32957999158e-05 0.973473950068
2 0.0129979957819 1.45228125896e-05 0.973738784125
3 0.0098714425285 1.6068028721e-05 0.974252108463
4 0.00538425208508 1.80150096232e-05 0.974943709537
5 -0.000319383845778 1.99069282418e-05 0.974706544097
6 -0.00556522561514 1.87577656366e-05 0.968583715014
7 0.00914560167321 1.47336479904e-05 0.975670578857
8 0.00432046750431 1.61755190059e-05 0.976671836745
9 0.00103636887248 1.64846275813e-05 0.976748354977
10 -0.00189712574576 1.58294886743e-05 0.975307377772
11 -0.00449573221077 1.31000396179e-05 0.968376955897
12 0.00177792571978 1.36120189238e-05 0.97998866675
13 -0.000495763069052 1.21703257907e-05 0.979340154329
14 -0.00210833838122 8.63861106616e-06 0.973504992268
