1 0.0150997147129 1.39059192323e-05 0.972745620468 0.416448944301
2 0.0133306533097 1.46325586639e-05 0.973232237727 0.403151890536
3 0.0115920342051 1.53334973569e-05 0.973680578792 0.387278611294
4 0.00942093614284 1.6205998721e-05 0.974212700798 0.365150509357
5 0.00707611796338 1.71222029514e-05 0.974701831628 0.335521459149
6 0.00463298787469 1.8024977528e-05 0.975086000623 0.297513432138
7 0.0019908861705 1.88898855724e-05 0.975210724401 0.240763401721
8 -0.000782695173316 1.9522424777e-05 0.974749803609 0.0
9 -0.00332577673656 1.94877057725e-05 0.973227914499 0.0
10 -0.0060656652687 1.72734776509e-05 0.966438087358 -0.0
11 0.00755960561137 1.50859543632e-05 0.976042175392 0.328392202786
12 0.00348892740382 1.5513668241e-05 0.977485990662 0.268365700572
13 0.00148928362282 1.51818054801e-05 0.977968230596 0.212377771447
14 5.2643099751e-05 1.4493663668e-05 0.97794045424 0.146473600091
15 -0.00106589338691 1.34206155213e-05 0.977335848046 0.0
16 -0.00206472471432 1.17172995074e-05 0.975542785745 -0.0
17 -0.00303673388806 8.4061935643e-06 0.969134130802 -0.0
