1 0.0151768496997 1.33486785556e-05 0.973467197909
2 0.0100698891713 1.58089890538e-05 0.974660524129
3 0.00601891695177 1.75900601224e-05 0.975243303502
4 0.00285372027119 1.86642727862e-05 0.975173462441
5 0.00087312773048 1.89261722529e-05 0.974410450709
6 -0.00128072726183 1.77922594442e-05 0.970324954578
7 0.00833942899093 1.4931403349e-05 0.976286555485
8 0.00429794474955 1.5622967577e-05 0.977264800345
9 0.00228558173243 1.56465734759e-05 0.977049258271
10 0.0007706450084 1.53853220536e-05 0.976242118349
11 -0.00081806657804 1.45496197468e-05 0.974060582725
12 -0.00202539074137 1.27424117818e-05 0.968590241312
13 0.00178618975643 1.26964072572e-05 0.979800806414
14 -0.000743365944533 9.57207105863e-06 0.975461473666
