1 0.0175784313657 1.22550777648e-05 0.972780868841 0.0279807426521
2 0.0124855516129 1.46281975876e-05 0.97414761922 0.0265384632049
3 0.00943472649635 1.60760842598e-05 0.97481825517 0.0258322458167
4 0.00700934568204 1.71043010139e-05 0.97529962656 0.0253259334404
5 0.00514443151658 1.78240209147e-05 0.975532518014 0.0250811546948
6 0.00322955135266 1.84414737221e-05 0.975638523428 0.0249697772197
7 0.00128788376538 1.89105964265e-05 0.975420472451 0.0251989047232
8 -0.000731919520878 1.90852192224e-05 0.9746062027 0.0260554439691
9 -0.00251857192068 1.86195272844e-05 0.972713461502 0.0280519799085
10 -0.003992289903 1.69073417776e-05 0.967377219953 0.0337229153029
11 0.00739269253818 1.47845236579e-05 0.977068577584 0.0234696140458
12 0.00371480309545 1.53055596885e-05 0.977951146835 0.0225459658527
13 0.00199298564129 1.5056258523e-05 0.978135751448 0.0223529796545
14 0.000854240493748 1.45707015406e-05 0.978064577931 0.0224273760182
15 -0.000161039675098 1.38440184545e-05 0.977543220055 0.0229726722036
16 -0.000968656764545 1.29040557337e-05 0.976684943719 0.0238716245785
17 -0.00161066633354 1.16731303999e-05 0.975134858947 0.0254991818463
18 -0.0023830975642 9.54913149938e-06 0.97066243089 0.0302242758091
