1 0.0177834724254 1.21865240052e-05 0.972720348738 0.0280447008863
2 0.0125488669717 1.46034324333e-05 0.974140245323 0.0265462337334
3 0.00945993796441 1.60378194053e-05 0.974838211051 0.0258112460632
4 0.00711605517821 1.70607952754e-05 0.975271888082 0.0253550955566
5 0.00518153841859 1.78091222345e-05 0.975524752188 0.0250893149909
6 0.00329839543997 1.84284415843e-05 0.975609275122 0.0250005053043
7 0.00137159589368 1.88853776443e-05 0.975402782148 0.025217498103
8 -0.00062628224911 1.90593591554e-05 0.974603240226 0.026058562799
9 -0.00249687005792 1.86502449102e-05 0.972680961865 0.0280863296296
10 -0.00399367838793 1.69966520467e-05 0.967527938546 0.0335618849947
11 0.00743012003916 1.48018610852e-05 0.97703737386 0.0235023006963
12 0.00378378392938 1.52893217891e-05 0.977951885277 0.0225451937134
13 0.00206734783096 1.5059930108e-05 0.978146831895 0.022341398415
14 0.000906605099882 1.45908882041e-05 0.978025070201 0.0224686773782
15 -0.000106084875311 1.38662841729e-05 0.977583938489 0.0229300632522
16 -0.000907880949473 1.29371630765e-05 0.976720108462 0.0238347622282
17 -0.00154781894927 1.17718654593e-05 0.975265658857 0.0253616447221
18 -0.00232352420147 9.63162012392e-06 0.970994298628 0.0298721644561
