1 0.0160665278359 1.28883005297e-05 0.9732778774 0.0274557998135
2 0.0120292486745 1.47032270906e-05 0.974370592122 0.0263035522785
3 0.00944562472008 1.58844522964e-05 0.974934804703 0.0257096117214
4 0.00749615292985 1.67502647013e-05 0.97527026751 0.0253567993361
5 0.00579575425564 1.74223257142e-05 0.975464231678 0.0251529144173
6 0.00423142465809 1.79464682994e-05 0.975486379559 0.0251296388161
7 0.00254583799876 1.83907984664e-05 0.975250983576 0.0253770740632
8 0.000803244479959 1.85413113673e-05 0.974540322478 0.0261248066276
9 -0.000788962163698 1.81734160725e-05 0.972815935321 0.0279436876903
10 -0.00161277374581 1.66150697128e-05 0.96834491131 0.0326898900745
11 0.0073996199755 1.48016976714e-05 0.976980482282 0.0235619013014
12 0.00427123586231 1.51836625916e-05 0.977701218079 0.0228073582589
13 0.00265588000283 1.49695884149e-05 0.977882197484 0.022618064374
14 0.00160088773746 1.45495667473e-05 0.977749925184 0.0227564065818
15 0.000638171355002 1.38740663535e-05 0.977359188385 0.0231652925756
16 -0.000142841975145 1.30119546498e-05 0.976576399034 0.0239854260233
17 -0.000775557141938 1.19141842138e-05 0.975220747915 0.0254088647812
18 -0.00156727736737 9.85499447236e-06 0.9711911208 0.0296634500508
