1 0.0178336495282 1.21762927194e-05 0.972693970243 0.0280725804464
2 0.0126089669026 1.4591412163e-05 0.974117326999 0.026570385594
3 0.00954561374768 1.60246668131e-05 0.974802615512 0.025848704232
4 0.00718621493498 1.70339316363e-05 0.975252784687 0.0253751803297
5 0.00522645745586 1.77811697292e-05 0.975522092988 0.0250921092997
6 0.00337522898831 1.84016361567e-05 0.975592542446 0.0250180853592
7 0.0013944923367 1.88905586482e-05 0.975397515742 0.0252230335618
8 -0.000565110998095 1.90626613986e-05 0.974637328121 0.0260226764586
9 -0.00244451618909 1.86577733195e-05 0.972720267987 0.0280447862465
10 -0.00399596945869 1.70221912901e-05 0.967610043443 0.0334741838918
11 0.00749152491147 1.47593706134e-05 0.977047613329 0.023491574368
12 0.00383416376651 1.53147393641e-05 0.977916455547 0.0225822403378
13 0.00209648402072 1.5062650319e-05 0.978146368134 0.0223418831874
14 0.000938501000721 1.46133899412e-05 0.97804456898 0.0224482930333
15 -7.22266007163e-05 1.3905902579e-05 0.977606260427 0.0229067063813
16 -0.000900480376089 1.29405747664e-05 0.976763937958 0.0237888205577
17 -0.00156190894228 1.17969020264e-05 0.975300555856 0.0253249564684
18 -0.00234486794089 9.65778167315e-06 0.971011678292 0.0298537312515
