1 0.0180535892065 1.21210839297e-05 0.972624608755
2 0.0125529937576 1.48338363203e-05 0.973962690491
3 0.00944076303133 1.63247691578e-05 0.974657953126
4 0.00700026579057 1.74004641875e-05 0.975115085243
5 0.00505559079542 1.81668795093e-05 0.975384209404
6 0.00316829867826 1.88088707966e-05 0.975429454655
7 0.00122939141737 1.93002848502e-05 0.975203706598
8 -0.000483469747099 1.95006540829e-05 0.974536648863
9 -0.00184676191699 1.93509399358e-05 0.973444659004
10 -0.00309685882302 1.87269852294e-05 0.971294382169
11 -0.00406543632704 1.70813612744e-05 0.966262145289
12 0.00964531001796 1.45477743782e-05 0.975977894339
13 0.0057766581007 1.55874775084e-05 0.97708462605
14 0.00397397648015 1.57465509532e-05 0.977524793679
15 0.00254273458893 1.58027484406e-05 0.977511117112
16 0.00122900964808 1.57548351096e-05 0.977147958138
17 -5.60815308458e-05 1.55199855618e-05 0.97646852432
18 -0.00122277058969 1.50220555195e-05 0.975183669946
19 -0.00238576034607 1.40495352648e-05 0.972650036423
20 -0.00348086572741 1.23418607518e-05 0.967060171876
21 0.00161669227083 1.29168511298e-05 0.980203064942
22 -0.000409447121809 1.09939907251e-05 0.978441882731
23 -0.00163169887041 8.3931681738e-06 0.973300054081
