1 0.0149625417267 1.3907426214e-05 0.972817185092 1.41967100543
2 0.013068688658 1.46562886868e-05 0.973346269295 1.33672014307
3 0.0114150169366 1.53081468689e-05 0.973768758973 1.25397670078
4 0.00923643687496 1.616424833e-05 0.974318232783 1.1478067557
5 0.00693050146321 1.7022658476e-05 0.974804164363 1.00795666865
6 0.00461891415989 1.78440417862e-05 0.975169641045 0.851499432322
7 0.00205288013162 1.86446132941e-05 0.975313947826 0.644273539924
8 -0.000644844276222 1.91879040175e-05 0.974901839333 0.382001768512
9 -0.00317458123502 1.9136563092e-05 0.973412110575 0.0860239115538
10 -0.00588505306443 1.68660513734e-05 0.966604596511 -0.397490430595
11 0.00755628167896 1.50924040327e-05 0.976039838914 0.980900417846
12 0.00350594805034 1.55117894841e-05 0.97746430509 0.732267303892
13 0.00152938548785 1.51697604418e-05 0.97793523408 0.538189306154
14 7.52580791067e-05 1.45054444977e-05 0.9779174833 0.346205413229
15 -0.00105436572927 1.34306321744e-05 0.977294538643 0.130680472622
16 -0.00205514117313 1.17178968725e-05 0.975533779501 -0.12635531037
17 -0.00303178327898 8.39005455814e-06 0.969097064382 -0.512372099853
