1 0.0152991645343 1.37398804171e-05 0.972738332999 1.30703115505
2 0.0133953823773 1.4521360368e-05 0.973247039668 1.26436863617
3 0.0115094224081 1.52647418779e-05 0.973783144134 1.21626711484
4 0.00934721449779 1.60903790608e-05 0.974306485431 1.12438220988
5 0.00686816271677 1.70240952519e-05 0.974847371922 0.996162077168
6 0.00459912804954 1.78256259989e-05 0.975185705174 0.844172345924
7 0.00205108405364 1.86260880972e-05 0.975326735586 0.644234837909
8 -0.000663788437521 1.92095816456e-05 0.974954200962 0.386800856013
9 -0.0031151138236 1.91588901089e-05 0.973508153008 0.0976813639027
10 -0.00586609895458 1.683426725e-05 0.966559686701 -0.399052232984
11 0.00755782043557 1.50641835853e-05 0.97606939177 0.937210688826
12 0.00344472007093 1.54840137647e-05 0.977538988096 0.718175234164
13 0.00146693664132 1.51573086914e-05 0.978001414525 0.532291844885
14 7.9441982736e-05 1.44973998097e-05 0.977938545913 0.34515226179
15 -0.00108159717826 1.34473888589e-05 0.977268426031 0.130741630838
16 -0.00209714810901 1.17260896209e-05 0.975467824731 -0.128309641171
17 -0.00312893359678 8.37504110825e-06 0.968698984345 -0.520571296829
