1 0.0144246626152 1.32590190989e-05 0.973965889861 0.0267300019266
2 0.0133601414559 1.39224039268e-05 0.97398782696 0.0267068769015
3 0.0119940546726 1.46211038621e-05 0.974168240373 0.0265167335062
4 0.0101919483434 1.54625862424e-05 0.974485423726 0.0261826145311
5 0.00807006402147 1.6399639816e-05 0.974828782823 0.0258211673681
6 0.00581693799431 1.73307873625e-05 0.975140387133 0.025493368143
7 0.00359479807246 1.81274519611e-05 0.975363226167 0.0252590759823
8 0.00162813386557 1.87526726208e-05 0.975369852687 0.0252521105364
9 -0.000547402394333 1.91797087281e-05 0.97496185553 0.025681152868
10 -0.0033599584308 1.90714680372e-05 0.973187319427 0.0275514076248
11 -0.00615928828374 1.65061710623e-05 0.965582945456 0.0356438094198
12 0.00723188676768 1.46577421798e-05 0.976790848218 0.0237606154797
13 0.00344736635611 1.52647416556e-05 0.977842880734 0.0226591814521
14 0.00152901663041 1.50281052101e-05 0.978174992703 0.0223119661325
15 -0.000128587401409 1.42350335025e-05 0.978014372536 0.0224798613556
16 -0.00148201950494 1.27628801435e-05 0.976889369671 0.023657367025
17 -0.00237307053752 1.08712005331e-05 0.974533814839 0.0261316587909
18 -0.00313955363726 7.79953704952e-06 0.967881538677 0.0331842896298
