1 0.014300193317 1.33059280038e-05 0.973999636056 0.0266944287617
2 0.0133629969247 1.3930739371e-05 0.973959418407 0.0267368240148
3 0.0119294900885 1.46654109033e-05 0.974205939729 0.0264770098581
4 0.0101446032193 1.54909281879e-05 0.974496039938 0.0261714352897
5 0.00802901501998 1.64130247309e-05 0.974852813626 0.0257958801536
6 0.00576050117499 1.73331380132e-05 0.97515969987 0.0254730585255
7 0.00359710707151 1.81125870589e-05 0.975363915778 0.0252583510513
8 0.00161499466909 1.87499886455e-05 0.975386470208 0.0252346434356
9 -0.000571929486547 1.91907922948e-05 0.975018820993 0.0256212274826
10 -0.0033043150556 1.9099363068e-05 0.973278505245 0.0274551370637
11 -0.00613888276592 1.64719536035e-05 0.965557266658 0.0356713522335
12 0.00712118859713 1.47023969374e-05 0.976806857206 0.0237438370066
13 0.00334164964412 1.52649033061e-05 0.977887120513 0.0226129162228
14 0.00145448408254 1.50184283337e-05 0.978225177429 0.0222595196473
15 -0.000152514195441 1.42491190398e-05 0.977999043292 0.0224958877846
16 -0.00150812159161 1.27818650534e-05 0.976828667013 0.0237209796717
17 -0.00243065731176 1.08829866334e-05 0.97445491731 0.0262147404032
18 -0.00325312645689 7.80422341969e-06 0.967424178972 0.0336727380915
