1 0.0145250101023 1.32472773894e-05 0.973912901939 0.0267858635029
2 0.0134035193803 1.39276701542e-05 0.973965714135 0.0267301871681
3 0.0120153718907 1.46140722677e-05 0.974169587265 0.0265153142128
4 0.0102411963254 1.54610703355e-05 0.974464083708 0.0262050872179
5 0.00812750206355 1.6381854089e-05 0.974815406163 0.0258352439238
6 0.00588270700025 1.73146938368e-05 0.975133167184 0.0255009609304
7 0.00359667109606 1.81349162558e-05 0.975366647028 0.0252554801688
8 0.00162477462594 1.87533937884e-05 0.975374968347 0.0252467333212
9 -0.000580647188595 1.91862702439e-05 0.974941936405 0.0257021086597
10 -0.00335218111244 1.90494944263e-05 0.973179036407 0.0275601534844
11 -0.00617338985943 1.65214233745e-05 0.965602042999 0.0356233267143
12 0.00723948342434 1.4650000265e-05 0.976808977247 0.0237416150809
13 0.00343907913997 1.52748372627e-05 0.977860585789 0.0226406652934
14 0.00149027922225 1.50474367846e-05 0.978206125667 0.0222794293963
15 -0.000159618613068 1.4238800097e-05 0.978029176474 0.0224643845649
16 -0.00150400255963 1.27580371713e-05 0.976883208188 0.0236638235461
17 -0.00240561980809 1.08665938341e-05 0.974513910567 0.0261526173669
18 -0.00317344725158 7.79987406475e-06 0.967801118894 0.0332701424584
