1 0.0150158042201 1.39325601049e-05 0.972787892391 0.416610885343
2 0.0132833049332 1.4646555341e-05 0.973246974664 0.401902098657
3 0.0115167552584 1.53615975487e-05 0.973725972508 0.387271628554
4 0.00934229962936 1.62243322889e-05 0.974238045516 0.364452759746
5 0.00692292141055 1.7156101324e-05 0.974757772675 0.334281431316
6 0.00457157280558 1.80488391067e-05 0.97511220321 0.297457824024
7 0.00197641656864 1.8894948291e-05 0.975217120616 0.241084158688
8 -0.000804650111154 1.95310680249e-05 0.974805690248 0.0
9 -0.00331781783369 1.95195565621e-05 0.973299487349 0.0
10 -0.00604914391492 1.72228343706e-05 0.966336044727 -0.0
11 0.00738627142713 1.51116339502e-05 0.976124432759 0.327129716048
12 0.00337695669377 1.54803026366e-05 0.9775462837 0.265321972453
13 0.00141731914324 1.5155714474e-05 0.977987300564 0.210430601945
14 4.85020506974e-05 1.44953304068e-05 0.977923089319 0.14686142189
15 -0.00110405201728 1.34204262577e-05 0.977258361213 0.0
16 -0.00211622876498 1.17243538175e-05 0.975429216544 -0.0
17 -0.00313909396299 8.35990661403e-06 0.968641670138 -0.0
