1 0.0150306461238 1.39264883817e-05 0.972757769057 0.415182414676
2 0.0132306756471 1.46532126184e-05 0.97325636553 0.400993103194
3 0.01151020308 1.53485536197e-05 0.973695297365 0.385181837496
4 0.00931757491057 1.62305257414e-05 0.974235901572 0.363394373057
5 0.00696072094973 1.71399069887e-05 0.974726656111 0.3331241132
6 0.00458806296977 1.80282142789e-05 0.975081360349 0.295729143244
7 0.00197498498801 1.88870668463e-05 0.975202897824 0.239566854894
8 -0.000778254425379 1.94980218006e-05 0.974748879838 0.0
9 -0.00333810915163 1.94875339442e-05 0.973210542721 0.0
10 -0.00603737924226 1.72545291881e-05 0.966432427561 -0.0
11 0.00752622353361 1.50894541671e-05 0.976041085141 0.327556479409
12 0.00347687515049 1.54996288784e-05 0.97747106208 0.266323870448
13 0.00151940692481 1.51432898703e-05 0.977939002295 0.210397470654
14 9.42361457615e-05 1.44673214423e-05 0.977934677695 0.146281671655
15 -0.00103237074386 1.33892054277e-05 0.977311610892 0.0
16 -0.00201453031786 1.16691303241e-05 0.975589407076 -0.0
17 -0.0029735796179 8.37677550242e-06 0.969313297999 -0.0
