1 0.017212565372 1.25306126347e-05 0.972861112801
2 0.0124401909479 1.4819922049e-05 0.97408812323
3 0.00957226720937 1.61866581714e-05 0.974736569021
4 0.00737924235727 1.71710837312e-05 0.975134453865
5 0.00559971004834 1.79246549734e-05 0.975323975815
6 0.00388657629682 1.8527366957e-05 0.975334025273
7 0.00210260014295 1.90020259516e-05 0.975083429898
8 0.000516305497735 1.91852201905e-05 0.974442488474
9 -0.000730648807977 1.90264244464e-05 0.973396956874
10 -0.00185508952708 1.84060676336e-05 0.971349643762
11 -0.00217556462385 1.66628495267e-05 0.966655280324
12 0.0094105220271 1.47056974942e-05 0.97599959744
13 0.0058190073193 1.56492575888e-05 0.977013350084
14 0.00413328874651 1.57917298576e-05 0.977380843142
15 0.00278622354279 1.58090866064e-05 0.977368987729
16 0.00155674024172 1.57342415493e-05 0.977012903833
17 0.000407088097252 1.54703358617e-05 0.976303732773
18 -0.000655870044802 1.4962147805e-05 0.975041029644
19 -0.00170313057649 1.39816238881e-05 0.972545803663
20 -0.00254250010434 1.22637323073e-05 0.967091851611
21 0.00148186609443 1.27791804198e-05 0.980271950956
22 -0.000421582496102 1.08292054508e-05 0.978250768797
23 -0.00158648710073 8.14618964802e-06 0.972590909207
