1 0.0154743883182 1.36955131762e-05 0.972665410704 0.107336090628
2 0.0134950701317 1.44872389442e-05 0.973220438525 0.103838298053
3 0.0116511994014 1.52235725299e-05 0.973709044492 0.103709599688
4 0.00943288135855 1.60853526546e-05 0.97425871773 0.101417159439
5 0.0070644274201 1.69860826587e-05 0.974775083315 0.0989145752975
6 0.00466876808341 1.78321125386e-05 0.975169059591 0.097220202265
7 0.00206368413902 1.86372125728e-05 0.975322656865 0.0925732858248
8 -0.00065045245431 1.91952169286e-05 0.974890324881 0.0864116683297
9 -0.00315523193164 1.91121968228e-05 0.973409120161 0.0806428440441
10 -0.00589920346876 1.68750536406e-05 0.966616934756 0.0666422508711
11 0.00773624555189 1.50320794191e-05 0.976005082946 0.108376459823
12 0.00354200483924 1.5512838634e-05 0.977487100453 0.108375578372
13 0.00151076208374 1.51881864112e-05 0.977978351919 0.10825684679
14 5.846779613e-05 1.45005452766e-05 0.977953459509 0.107871233787
15 -0.00106997597101 1.34291981926e-05 0.977346665867 0.107211062149
16 -0.00207971814209 1.17205734521e-05 0.975530203437 0.104920720878
17 -0.00305606837269 8.39936405116e-06 0.969052775553 0.100409548011
