1 0.0149625417267 1.3907426214e-05 0.972817185092 0.10698619624
2 0.013068688658 1.46562886868e-05 0.973346269295 0.106428804475
3 0.0114150169366 1.53081468689e-05 0.973768758973 0.103951709409
4 0.00923643687496 1.616424833e-05 0.974318232783 0.103447474965
5 0.00693050146321 1.7022658476e-05 0.974804164363 0.101085612511
6 0.00461891415989 1.78440417862e-05 0.975169641045 0.0982246020761
7 0.00205288013162 1.86446132941e-05 0.975313947826 0.0951325264011
8 -0.000644844276222 1.91879040175e-05 0.974901839333 0.0928132133936
9 -0.00317458123502 1.9136563092e-05 0.973412110575 0.0877171112261
10 -0.00588505306443 1.68660513734e-05 0.966604596511 0.0799977535174
11 0.00755628167896 1.50924040327e-05 0.976039838914 0.0651784779914
12 0.00350594805034 1.55117894841e-05 0.97746430509 0.10837724858
13 0.00152938548785 1.51697604418e-05 0.97793523408 0.108574380741
14 7.52580791067e-05 1.45054444977e-05 0.9779174833 0.108552849668
15 -0.00105436572927 1.34306321744e-05 0.977294538643 0.10729701081
16 -0.00205514117313 1.17178968725e-05 0.975533779501 0.106328478724
17 -0.00303178327898 8.39005455814e-06 0.969097064382 0.104192321017
