1 0.0152991645343 1.37398804171e-05 0.972738332999 0.107336090628
2 0.0133953823773 1.4521360368e-05 0.973247039668 0.103838298053
3 0.0115094224081 1.52647418779e-05 0.973783144134 0.103709599688
4 0.00934721449779 1.60903790608e-05 0.974306485431 0.101417159439
5 0.00686816271677 1.70240952519e-05 0.974847371922 0.0989145752975
6 0.00459912804954 1.78256259989e-05 0.975185705174 0.097220202265
7 0.00205108405364 1.86260880972e-05 0.975326735586 0.0925732858248
8 -0.000663788437521 1.92095816456e-05 0.974954200962 0.0864116683297
9 -0.0031151138236 1.91588901089e-05 0.973508153008 0.0806428440441
10 -0.00586609895458 1.683426725e-05 0.966559686701 0.0666422508711
11 0.00755782043557 1.50641835853e-05 0.97606939177 0.108376459823
12 0.00344472007093 1.54840137647e-05 0.977538988096 0.108375578372
13 0.00146693664132 1.51573086914e-05 0.978001414525 0.10825684679
14 7.9441982736e-05 1.44973998097e-05 0.977938545913 0.107871233787
15 -0.00108159717826 1.34473888589e-05 0.977268426031 0.107211062149
16 -0.00209714810901 1.17260896209e-05 0.975467824731 0.104920720878
17 -0.00312893359678 8.37504110825e-06 0.968698984345 0.100409548011
