1 0.0147033030903 1.40635664011e-05 0.972850704483 0.413009044884
2 0.01197243753 1.51720138222e-05 0.973577808652 0.390003301736
3 0.0087860940882 1.64480162296e-05 0.974350825875 0.357306046681
4 0.00525293096612 1.77972830468e-05 0.974988923796 0.307111874104
5 0.00199416490797 1.88972332257e-05 0.975204793026 0.240653456782
6 -0.000766255595695 1.95120784118e-05 0.974759519247 0.156095554635
7 -0.00333133638742 1.9504961502e-05 0.973233398468 0.0364866609038
8 -0.00605082160204 1.72474259742e-05 0.966387344343 -0.062851672612
9 0.00754298531672 1.50901842477e-05 0.976037178549 0.328204908887
10 0.00349537779165 1.55121841072e-05 0.977460887609 0.267457369853
11 0.00152819747673 1.51652554115e-05 0.977926954297 0.211649218059
12 9.03396885115e-05 1.4498670382e-05 0.977915036987 0.147481744574
13 -0.00105132107453 1.34291298647e-05 0.977280493805 0.0607336697855
14 -0.00204929325768 1.17139609036e-05 0.975524041281 -0.0680120231632
15 -0.00303048748101 8.39554363926e-06 0.969101273842 -0.086084088827
