1 0.014665135007 1.40613387814e-05 0.972887909527 0.413783350284
2 0.0119745880176 1.51792382335e-05 0.973605980244 0.391481590338
3 0.00876189188258 1.64451228105e-05 0.974384932229 0.358242390197
4 0.00519275455096 1.78109767028e-05 0.975016556427 0.306754453266
5 0.00201808231003 1.88806576239e-05 0.975219445544 0.242094371108
6 -0.00078927952875 1.95428097894e-05 0.974820462885 0.158616872057
7 -0.00329216274077 1.95261443082e-05 0.973316894862 0.0409252733975
8 -0.00603250051507 1.72276765052e-05 0.966361772869 -0.063099739232
9 0.00740493475263 1.51128093715e-05 0.97610706591 0.327609464932
10 0.00339482265673 1.5490652103e-05 0.977540765927 0.266122293218
11 0.00144463576377 1.51647615996e-05 0.977988937509 0.21146909055
12 6.70166075712e-05 1.45000143343e-05 0.977924404406 0.147601521129
13 -0.00109504272461 1.34560946173e-05 0.977257741309 0.0616696619152
14 -0.00210932022706 1.17325850466e-05 0.97544692061 -0.0687769670906
15 -0.00313160976539 8.37859448731e-06 0.968689387434 -0.0880278280656
