1 0.014758953187 1.40476681098e-05 0.972842078154 0.414100025268
2 0.0120271611608 1.51625185233e-05 0.973567714417 0.39150219521
3 0.00886088433053 1.64290213786e-05 0.974333091733 0.358365999222
4 0.00529561987199 1.7789906529e-05 0.974987903372 0.308308446573
5 0.00198810276701 1.88962465646e-05 0.975211119847 0.240897066496
6 -0.000787355533864 1.9527619858e-05 0.974750359685 0.155398597588
7 -0.00332994588096 1.94922212231e-05 0.973229069754 0.0361642173362
8 -0.00607357860295 1.72644657168e-05 0.966403613 -0.0628546196318
9 0.00756208779868 1.5086534202e-05 0.976042177653 0.328573690438
10 0.00348982010721 1.55169992588e-05 0.977484718859 0.268622426858
11 0.00148609048036 1.51878887791e-05 0.977964546061 0.212573544288
12 4.61323814174e-05 1.45005961938e-05 0.977934548439 0.146635062012
13 -0.00107592940454 1.34290787499e-05 0.97732367416 0.0615856810711
14 -0.00207873704924 1.17245541726e-05 0.975516598324 -0.067951114391
15 -0.0030566233596 8.40226465992e-06 0.969048761602 -0.086244158232
