1 0.0144182835755 1.32509548371e-05 0.973982736103 0.0267122433305
2 0.0131618327409 1.39073046731e-05 0.974134750197 0.0265520245503
3 0.0116107041581 1.45754869413e-05 0.974457280785 0.0262122513757
4 0.00966181720553 1.53431647867e-05 0.974904756658 0.0257412256757
5 0.00802900159756 1.59248147975e-05 0.975295257058 0.0253305270726
6 0.00693436386944 1.62693885273e-05 0.975555081854 0.0250574453453
7 0.00584829976896 1.66009621825e-05 0.975806570408 0.0247932636605
8 0.00476314827754 1.68521656517e-05 0.976070599875 0.0245160545634
9 0.00330954849704 1.71299397542e-05 0.976348243171 0.0242247138031
10 0.00170360406073 1.72646012645e-05 0.976590923557 0.0239701966113
11 0.000502512261096 1.71623698423e-05 0.976637910849 0.0239209320921
12 -0.00048220945014 1.68985132136e-05 0.976526697208 0.0240375433046
13 -0.00135346545144 1.64222758295e-05 0.976251054021 0.0243266789281
14 -0.00215187346759 1.57287767945e-05 0.975665062237 0.024941897175
15 -0.00276241873523 1.48564389263e-05 0.97484167225 0.0258076038693
16 -0.00343307357097 1.32070721997e-05 0.972836667989 0.0279217805923
17 -0.00399340128361 9.37214463535e-06 0.966296311384 0.0348792478956
