1 0.0143367600007 1.32724479757e-05 0.974011584067 0.0266818345247
2 0.0131264795355 1.39039319559e-05 0.974147162394 0.0265389445951
3 0.0116077573164 1.45707019281e-05 0.974452495015 0.0262172913461
4 0.00963803435771 1.53546421645e-05 0.974900806513 0.025745381818
5 0.00798847097662 1.59281273269e-05 0.975296540441 0.0253291778969
6 0.00688959916635 1.62910965004e-05 0.975567070595 0.0250448484027
7 0.00579816309476 1.65943687539e-05 0.975818840235 0.0247803780549
8 0.00471140202465 1.6867655226e-05 0.976058630047 0.0245286186717
9 0.00330614016715 1.71281842304e-05 0.976348540009 0.0242244024825
10 0.0017413983696 1.72550103857e-05 0.976565291772 0.0239970726432
11 0.000523238720154 1.71489446961e-05 0.976640594865 0.0239181181759
12 -0.000452917340133 1.68970729607e-05 0.976522913708 0.0240415109521
13 -0.00132927147003 1.64106398302e-05 0.976239652286 0.0243386423087
14 -0.00212115317081 1.57245011216e-05 0.975701579438 0.0249035372262
15 -0.00274986269782 1.48636063018e-05 0.974829783483 0.0258201144232
16 -0.00338623705411 1.31787606118e-05 0.972882939359 0.0278728915906
17 -0.003960730349 9.36016709423e-06 0.966361555562 0.0348093777573
