1 0.0141973182737 1.3316996212e-05 0.974062569281 0.0266280950742
2 0.0131216763998 1.39194047901e-05 0.974125138006 0.0265621540129
3 0.0115167087678 1.46188015983e-05 0.974497556515 0.0261698382795
4 0.00957361284223 1.53757276559e-05 0.974912141119 0.0257334561547
5 0.00798952511885 1.59279922459e-05 0.975291410066 0.0253345714828
6 0.00680119860055 1.63320182728e-05 0.975598684145 0.0250116325938
7 0.00562776103881 1.66376053064e-05 0.97584482442 0.0247530908401
8 0.0047342968874 1.68467438532e-05 0.976093319895 0.0244922074918
9 0.00328636561575 1.71290919435e-05 0.97634684879 0.0242261766235
10 0.00170788210206 1.72504349722e-05 0.976600586128 0.0239600653559
11 0.000452337513443 1.71721968812e-05 0.976667257321 0.0238901658194
12 -0.000443731472715 1.69207684307e-05 0.97654779412 0.0240154205108
13 -0.00134653688752 1.64664478833e-05 0.976234827761 0.0243437045441
14 -0.00216284245485 1.58048927284e-05 0.975669996837 0.0249367134982
15 -0.00276845070534 1.49270354709e-05 0.974782157968 0.0258702335213
16 -0.00344497235882 1.32417652446e-05 0.972795029069 0.0279657791518
17 -0.00406048258877 9.40054283408e-06 0.96596918886 0.0352297066353
