1 0.0143304405305 1.34280160694e-05 0.973873640983 0.0268272575868
2 0.013234971222 1.4128136571e-05 0.973876584261 0.0268241542505
3 0.0116451600086 1.49351981039e-05 0.974145336957 0.0265408682217
4 0.00978916651207 1.57883533168e-05 0.974443853939 0.0262263915607
5 0.00750249440354 1.67694723861e-05 0.974838946161 0.0258104725319
6 0.00511003175544 1.77356672952e-05 0.975131246505 0.0255029808458
7 0.00297379599399 1.85157565386e-05 0.975260230505 0.025367351907
8 0.00103460061552 1.911817228e-05 0.975191933718 0.0254391626738
9 -0.00111574503732 1.95398486332e-05 0.974703511465 0.025953008572
10 -0.0037724824677 1.93607245924e-05 0.972720019091 0.0280450493074
11 -0.0064270309921 1.66199126688e-05 0.964644848535 0.0366509513973
12 0.00692810518878 1.47715885728e-05 0.976800781496 0.0237502047151
13 0.00304659526333 1.52839144467e-05 0.977881148432 0.0226191613981
14 0.00120700747355 1.49774658763e-05 0.978149369826 0.0223387458768
15 -0.000334052590496 1.41569702504e-05 0.977791103313 0.0227133348161
16 -0.00163788607058 1.26525508877e-05 0.976502222724 0.0240632091627
17 -0.00253310666743 1.07735549387e-05 0.973980147698 0.0267149718849
18 -0.00334477170279 7.70079754603e-06 0.966720743261 0.0344248914554
