1 0.0144518701805 1.33746800952e-05 0.973844412469 0.0268580762891
2 0.0132163262795 1.41096988597e-05 0.97390626085 0.0267928651519
3 0.0117515372284 1.48609489009e-05 0.974105400092 0.0265829548889
4 0.00978048990769 1.57842337055e-05 0.97445282898 0.026216939671
5 0.00753631663513 1.67728066886e-05 0.974810193257 0.0258407297278
6 0.00522837297707 1.77198998281e-05 0.975094286314 0.0255418517497
7 0.00299283995186 1.85189826113e-05 0.97525750866 0.0253702136034
8 0.0010436471697 1.91185300926e-05 0.975160209188 0.0254725229467
9 -0.00108059841074 1.95206039204e-05 0.974638479517 0.0260214644328
10 -0.00378684050881 1.93359031768e-05 0.972654262625 0.0281145504514
11 -0.00644444673443 1.66458878165e-05 0.96465687335 0.0366380292145
12 0.00700644046487 1.47377480212e-05 0.976793380828 0.0237579611324
13 0.00314533540696 1.52973084456e-05 0.97782189632 0.0226811281066
14 0.00127946001958 1.49882972864e-05 0.978092508653 0.0223981792546
15 -0.000312902105321 1.41548992551e-05 0.977825308256 0.0226775596428
16 -0.00160944937589 1.26549970368e-05 0.976564226552 0.0239981896115
17 -0.00247263901874 1.07589800788e-05 0.974070704756 0.0266195206538
18 -0.00324006698698 7.70157988953e-06 0.967158659658 0.0339565178863
