1 0.0145412628119 1.33567007857e-05 0.973805878651 0.026898709397
2 0.0133143268242 1.40977482808e-05 0.973873691897 0.0268272038882
3 0.0117883551061 1.48461806058e-05 0.97411622692 0.0265715449207
4 0.00985977043648 1.57551494866e-05 0.974433600668 0.0262371897885
5 0.00765520266404 1.67252121631e-05 0.974780558251 0.0258719170625
6 0.00534389867014 1.76836790189e-05 0.975088577688 0.025547855743
7 0.00302635482955 1.85110890233e-05 0.975249840643 0.0253782756883
8 0.00108044609525 1.91232342584e-05 0.975178126992 0.0254536810447
9 -0.00107934299556 1.95371731963e-05 0.974629326814 0.026031099706
10 -0.00377712743118 1.93365776165e-05 0.97266071455 0.0281077307531
11 -0.0064549831366 1.66833333283e-05 0.964730484676 0.0365589310851
12 0.00702935942793 1.47266192482e-05 0.976810639345 0.0237398731314
13 0.00316663655548 1.53052843358e-05 0.977841551791 0.0226605713162
14 0.00126899957795 1.50140368651e-05 0.978124353164 0.0223648933034
15 -0.000329642945679 1.41603558683e-05 0.977841107794 0.0226610356404
16 -0.00162385638427 1.26549774471e-05 0.976587725623 0.0239735496758
17 -0.00249879165492 1.0769083257e-05 0.974087522505 0.0266017959243
18 -0.00326585631442 7.7091576965e-06 0.967134103418 0.0339827708348
