1 0.014830485988 1.32236260533e-05 0.973741019789 0.0269671089978
2 0.0139694393408 1.386132307e-05 0.973655855361 0.0270569364348
3 0.0126600486395 1.45808879866e-05 0.973793909146 0.0269113316395
4 0.0108113295641 1.55162588093e-05 0.974069067348 0.0266212463608
5 0.00852342133513 1.65625980926e-05 0.974443941544 0.0262262992983
6 0.00604079920701 1.76116589251e-05 0.974801253808 0.0258501372225
7 0.00359969261377 1.84990676126e-05 0.975086979945 0.0255495361484
8 0.00151679395936 1.91538051572e-05 0.975127125394 0.0255073148388
9 -0.000709434923755 1.95825979552e-05 0.974757220134 0.0258964789802
10 -0.00353110778172 1.94595721705e-05 0.973001804386 0.0277473232779
11 -0.00632826259534 1.68901291722e-05 0.965354856526 0.0358885059724
12 0.00628054630269 1.47365753402e-05 0.977409038794 0.0231131085178
13 0.00339880377538 1.52312538225e-05 0.9779864568 0.0225090470176
14 0.00156717307155 1.5026486612e-05 0.978203129778 0.0222825602818
15 -0.000121236770057 1.42394435222e-05 0.978019083226 0.0224749364995
16 -0.00148196808651 1.27631996288e-05 0.976889465357 0.0236572667341
17 -0.00237308241132 1.08712001135e-05 0.974533780988 0.026131694441
18 -0.00313955363726 7.79953704952e-06 0.967881538677 0.0331842896298
