1 0.0147156742964 1.32708335146e-05 0.973773519331 0.0269328340811
2 0.0139762766826 1.38819832413e-05 0.973629031524 0.0270852322722
3 0.0126076720471 1.46271816099e-05 0.97381316941 0.0268910211767
4 0.0107792553348 1.55281528853e-05 0.974078134863 0.0266116897771
5 0.00847719107982 1.65791038347e-05 0.974460509028 0.0262088516929
6 0.00595715426017 1.76261431499e-05 0.974835557278 0.0258140386294
7 0.00361638641386 1.84841301132e-05 0.975092605465 0.02554361956
8 0.00153018497298 1.91418698367e-05 0.975154824603 0.0254781853681
9 -0.000727795034437 1.95983859768e-05 0.974812198145 0.0258386199287
10 -0.00349004405794 1.94828596638e-05 0.973074501522 0.0276705416405
11 -0.00630746800446 1.68581963599e-05 0.965331587119 0.0359134760684
12 0.00621662190524 1.47719497786e-05 0.977416152884 0.023105661847
13 0.003333405203 1.52323073903e-05 0.978003536552 0.0224911900697
14 0.00148581012766 1.50179095308e-05 0.97825571467 0.022227608866
15 -0.000144449952633 1.42546124326e-05 0.978004833025 0.0224898346186
16 -0.00150789653547 1.27823464902e-05 0.976828645397 0.0237210024219
17 -0.00243060229398 1.08828476871e-05 0.974454988375 0.0262146656154
18 -0.00325312645689 7.80422341969e-06 0.967424178972 0.0336727380915
