1 0.0149476827869 1.31952069107e-05 0.973693899569 0.0270168072787
2 0.0140418268863 1.38585204956e-05 0.973628010765 0.0270863091105
3 0.0126945347277 1.4585025763e-05 0.973781045386 0.0269248972243
4 0.0108704192021 1.55033872977e-05 0.97404854784 0.0266428734105
5 0.00859621295625 1.65430947482e-05 0.97441968279 0.0262518477482
6 0.00611301132369 1.75892739219e-05 0.97479879396 0.0258527258936
7 0.00360723535036 1.85058495753e-05 0.975077698423 0.0255592981844
8 0.00150298895464 1.91620074277e-05 0.975132041835 0.0255021444212
9 -0.000741137748906 1.95931769901e-05 0.974738490663 0.025916191484
10 -0.00353489482088 1.94494715404e-05 0.972986233739 0.0277637701668
11 -0.00634594368284 1.69066652141e-05 0.965375719669 0.0358661188712
12 0.00623669849709 1.47370154939e-05 0.977454231667 0.0230658046209
13 0.00340541373541 1.52419590574e-05 0.977993922943 0.0225012411116
14 0.0015247001462 1.5043106327e-05 0.978237517759 0.0222466240034
15 -0.000152311065233 1.42434874275e-05 0.978033575752 0.0224597854072
16 -0.00150388326107 1.27585415275e-05 0.976883270958 0.0236637577444
17 -0.00240565501335 1.08666724792e-05 0.974513873533 0.0261526563776
18 -0.00317346160375 7.7999217022e-06 0.967801131458 0.0332701289977
