1 0.0154743883182 1.36955131762e-05 0.972665410704 0.10698619624
2 0.0134950701317 1.44872389442e-05 0.973220438525 0.106428804475
3 0.0116511994014 1.52235725299e-05 0.973709044492 0.103951709409
4 0.00943288135855 1.60853526546e-05 0.97425871773 0.103447474965
5 0.0070644274201 1.69860826587e-05 0.974775083315 0.101085612511
6 0.00466876808341 1.78321125386e-05 0.975169059591 0.0982246020761
7 0.00206368413902 1.86372125728e-05 0.975322656865 0.0951325264011
8 -0.00065045245431 1.91952169286e-05 0.974890324881 0.0928132133936
9 -0.00315523193164 1.91121968228e-05 0.973409120161 0.0877171112261
10 -0.00589920346876 1.68750536406e-05 0.966616934756 0.0799977535174
11 0.00773624555189 1.50320794191e-05 0.976005082946 0.0651784779914
12 0.00354200483924 1.5512838634e-05 0.977487100453 0.10837724858
13 0.00151076208374 1.51881864112e-05 0.977978351919 0.108574380741
14 5.846779613e-05 1.45005452766e-05 0.977953459509 0.108552849668
15 -0.00106997597101 1.34291981926e-05 0.977346665867 0.10729701081
16 -0.00207971814209 1.17205734521e-05 0.975530203437 0.106328478724
17 -0.00305606837269 8.39936405116e-06 0.969052775553 0.104192321017
