1 0.0156776861433 1.29452464363e-05 0.973438170428 0.0272866118844
2 0.0118870071386 1.47152451798e-05 0.974426209186 0.0262449742749
3 0.00940957776995 1.58814246644e-05 0.974953823174 0.0256896031607
4 0.00736970409117 1.67904826905e-05 0.975300720115 0.0253247838116
5 0.0056306251312 1.74947370423e-05 0.975491870632 0.025123868378
6 0.00393538312922 1.80743770327e-05 0.975531090127 0.0250826550676
7 0.00214485174888 1.85415300083e-05 0.975293821515 0.0253320363155
8 0.000263098511832 1.87273117407e-05 0.974549371852 0.0261152783818
9 -0.00147575194094 1.83480179273e-05 0.972731302858 0.028033123963
10 -0.00255755103704 1.67366694013e-05 0.967953352544 0.0331076361762
11 0.00739155086195 1.48119760701e-05 0.976969766507 0.0235731281255
12 0.00408359171574 1.52154284708e-05 0.977771020845 0.0227343403273
13 0.00239132148688 1.49979295022e-05 0.97796829369 0.0225280373845
14 0.00124391946349 1.4554616714e-05 0.977858949437 0.0226423766041
15 0.000229604758862 1.3863652886e-05 0.977429175992 0.0230920300938
16 -0.000558600735781 1.29543007352e-05 0.976602697808 0.023957851284
17 -0.0012103525638 1.18070408559e-05 0.975179181821 0.0254525718449
18 -0.00197716906912 9.70370874798e-06 0.971022576314 0.0298421729647
