1 0.0117366804563 1.49235667914e-05 0.974329049094 0.0263473114425
2 0.00922257887179 1.61622067971e-05 0.974848283423 0.0258006471337
3 0.00717970861511 1.70985997443e-05 0.97518071033 0.0254509645484
4 0.0055563542822 1.7799008995e-05 0.975335086253 0.0252886562592
5 0.00374925246933 1.84329327915e-05 0.975389245828 0.0252317259387
6 0.00190818532212 1.89656526596e-05 0.975146405279 0.0254870392545
7 0.000270005549862 1.91593042589e-05 0.974487232996 0.0261807093901
8 -0.000981998284559 1.90220064062e-05 0.973415979911 0.0273100304365
9 -0.00207854641575 1.84342343126e-05 0.971464183702 0.029374028171
10 -0.00279136863685 1.6777962929e-05 0.966570124617 0.0345860839563
11 0.00600923271545 1.55239926002e-05 0.976938930548 0.0236054360533
12 0.00410837829125 1.58763402723e-05 0.977096413047 0.0234404574788
13 0.0026632813238 1.60009437121e-05 0.976986645909 0.0235554438425
14 0.00134379085857 1.60026550326e-05 0.976661742003 0.0238959478166
15 0.000178341949698 1.57725848605e-05 0.975974144031 0.0246173078501
16 -0.000980620117146 1.53343559827e-05 0.974729868027 0.0259252668774
17 -0.00209249850095 1.4369664156e-05 0.972167603367 0.0286292162642
18 -0.00294010850726 1.28155905208e-05 0.966730850825 0.0344140763092
19 -0.000519959033482 1.11573362399e-05 0.977535858849 0.0229803755489
20 -0.00175531033907 8.6135688547e-06 0.972362804278 0.028422720016
