1 0.0157091048178 1.29464362738e-05 0.973412534934 0.0273136661964
2 0.0119264249033 1.47007675264e-05 0.974418181575 0.0262534288473
3 0.00944840547217 1.58787197481e-05 0.974936070399 0.0257082801141
4 0.00745005652043 1.67579054661e-05 0.975278272548 0.0253483832411
5 0.00571611085099 1.7457898439e-05 0.975471166338 0.0251456265531
6 0.0040557946279 1.80344654751e-05 0.975503787893 0.0251113449745
7 0.00219184325791 1.85291572002e-05 0.975300611934 0.0253248974886
8 0.000345869986002 1.87198988504e-05 0.974580799426 0.026082188974
9 -0.00140022105528 1.83490923485e-05 0.972769346887 0.0279929186214
10 -0.0025420613982 1.67640707008e-05 0.968041844812 0.0330131960309
11 0.00745322716355 1.47798116819e-05 0.976973600626 0.0235691111368
12 0.00413447393277 1.52392872996e-05 0.977740836695 0.0227659135083
13 0.00245294850239 1.49980734313e-05 0.977951839854 0.0225452412991
14 0.00131089076691 1.45725008362e-05 0.977855806358 0.0226456635865
15 0.000292571426498 1.38908950896e-05 0.97744070201 0.0230799658269
16 -0.000527778155063 1.29541604506e-05 0.976639703726 0.0239190524824
17 -0.00120081305742 1.18379271943e-05 0.975221761487 0.0254077989655
18 -0.00198671022906 9.72766340549e-06 0.971035062047 0.0298289310703
