1 0.0159828368198 1.31113918268e-05 0.973186251954
2 0.0102700161581 1.58645643586e-05 0.974577862572
3 0.00585174812843 1.77919236885e-05 0.975260161236
4 0.00254399221798 1.88971415448e-05 0.975183503549
5 0.000473742531715 1.91629048432e-05 0.974376866801
6 -0.00177187263826 1.79113899939e-05 0.970072023208
7 0.00823932794611 1.50288927254e-05 0.976336860212
8 0.00391907689496 1.57610929283e-05 0.977407609757
9 0.00175707505419 1.54128433527e-05 0.977542615167
10 0.000215819426945 1.44854845741e-05 0.976964376233
11 -0.000952904973971 1.30502286384e-05 0.97548382794
12 -0.00190432160493 1.04722033462e-05 0.970895511836
