1 0.0151107967705 1.39038096693e-05 0.972743282468 0.416718286756
2 0.0133426487195 1.46299913775e-05 0.973228821544 0.403378512101
3 0.0115990045546 1.53339279109e-05 0.973678606318 0.387509030565
4 0.00942655137876 1.62079879859e-05 0.974210924031 0.365390552962
5 0.00707959785464 1.71253566901e-05 0.974700564473 0.335737561416
6 0.00463312638772 1.80301126239e-05 0.975085721961 0.297717246063
7 0.00198810276701 1.88962465646e-05 0.975211119847 0.240897066496
8 -0.000787355533864 1.9527619858e-05 0.974750359685 0.0
9 -0.00332994588096 1.94922212231e-05 0.973229069754 0.0
10 -0.00607357860295 1.72644657168e-05 0.966403613 -0.0
11 0.00756208779868 1.5086534202e-05 0.976042177653 0.328573690438
12 0.00348982010721 1.55169992588e-05 0.977484718859 0.268622426858
13 0.00148609048036 1.51878887791e-05 0.977964546061 0.212573544288
14 4.61323814174e-05 1.45005961938e-05 0.977934548439 0.146635062012
15 -0.00107592940454 1.34290787499e-05 0.97732367416 0.0
16 -0.00207873704924 1.17245541726e-05 0.975516598324 -0.0
17 -0.0030566233596 8.40226465992e-06 0.969048761602 -0.0
