1 0.0151241247388 1.38996807957e-05 0.972739795244 0.416907052294
2 0.0133574858621 1.46254605647e-05 0.973225136859 0.403595226296
3 0.0116046327358 1.53329741484e-05 0.973678548695 0.387674589719
4 0.00943276725561 1.62079827513e-05 0.974210303348 0.365597249513
5 0.00708956097517 1.71238898318e-05 0.974699556536 0.335974772764
6 0.0046359050726 1.80316159944e-05 0.975085874062 0.297842332627
7 0.00198805613179 1.88983088875e-05 0.9752136602 0.241087239939
8 -0.000788170153816 1.95317058833e-05 0.974752297342 0.155580969692
9 -0.00333287798216 1.94970852372e-05 0.973231311639 0.0363221320682
10 -0.0060756150215 1.72655926099e-05 0.966401764283 -0.251490936821
11 0.00756831330469 1.50841664871e-05 0.9760439027 0.328774414409
12 0.00348786711685 1.55187760321e-05 0.977488973274 0.268813704373
13 0.00148213325306 1.5188281641e-05 0.977970692002 0.212674294213
14 4.36715190021e-05 1.45005700883e-05 0.97794171141 0.146849826111
15 -0.00108034915473 1.34286093329e-05 0.977328851587 0.0616438697827
16 -0.00208214728395 1.17219684941e-05 0.975519654026 -0.0679275830025
17 -0.0030592029341 8.3997910538e-06 0.969048978199 -0.345051257914
