1 0.0157990876501 1.35612601736e-05 0.972576291525 0.0281969740483
2 0.0142902855269 1.41739942182e-05 0.973004130527 0.0277448662307
3 0.0126106628943 1.4842136406e-05 0.973450837506 0.0272732442635
4 0.0105776698075 1.56471568575e-05 0.973984935186 0.026709925242
5 0.0082732970826 1.65259829857e-05 0.974519992958 0.026146212738
6 0.00587309549372 1.74209420508e-05 0.974988377452 0.025653251999
7 0.00352314095532 1.82021399777e-05 0.975291553983 0.0253344201591
8 0.00154974023853 1.8785433023e-05 0.975322498615 0.025301888739
9 -0.000656641050702 1.91945672059e-05 0.9748888284 0.0257579847028
10 -0.0034062182983 1.90243510945e-05 0.973095596454 0.0276482635656
11 -0.00620213630539 1.64627466014e-05 0.965431747577 0.035806003424
12 0.0077353091312 1.50313783748e-05 0.976003890093 0.0245860801881
13 0.00353529297104 1.55173244073e-05 0.977491222937 0.0230270886581
14 0.00151067642132 1.51871320286e-05 0.977979361439 0.0225164654619
15 -0.000170927351651 1.43087299749e-05 0.97787052656 0.0226302693843
16 -0.00151762185983 1.27817647506e-05 0.976743001795 0.0238107651653
17 -0.00242213336124 1.08682166188e-05 0.974364573282 0.0263098920684
18 -0.00319318751869 7.79096453896e-06 0.967606918719 0.0334775213778
