1 0.0157091048183 1.29464373779e-05 0.973412534928 0.0273136661964
2 0.0119264249032 1.47007670186e-05 0.974418181573 0.0262534288473
3 0.00944840547134 1.58787177701e-05 0.974936070409 0.0257082801141
4 0.00745005651932 1.6757903096e-05 0.975278272564 0.0253483832411
5 0.00571611085027 1.74578969993e-05 0.975471166349 0.0251456265531
6 0.00405579463045 1.80344709037e-05 0.975503787855 0.0251113449745
7 0.00219184325477 1.85291507241e-05 0.975300611984 0.0253248974886
8 0.000345869984869 1.87198963975e-05 0.974580799443 0.026082188974
9 -0.00140022105247 1.83490982655e-05 0.972769346841 0.0279929186214
10 -0.00254206139842 1.67640701839e-05 0.968041844815 0.0330131960309
11 0.00745322716423 1.47798131395e-05 0.976973600617 0.0235691111368
12 0.00413447393328 1.52392882985e-05 0.977740836686 0.0227659135083
13 0.00245294850439 1.4998077628e-05 0.977951839823 0.0225452412991
14 0.00131089076605 1.45724990938e-05 0.977855806372 0.0226456635865
15 0.000292571427358 1.38908968656e-05 0.977440701996 0.0230799658269
16 -0.000527778151926 1.29541669433e-05 0.976639703674 0.0239190524824
17 -0.00120081306063 1.18379204446e-05 0.975221761539 0.0254077989655
18 -0.00198671022603 9.72766970327e-06 0.971035061997 0.0298289310703
