1 0.0161777345433 1.28507317738e-05 0.973235275889
2 0.0120498345001 1.46899960806e-05 0.974379758821
3 0.00954777331191 1.5668037269e-05 0.975093562318
4 0.00763393086108 1.63167066736e-05 0.975593454205
5 0.00605477127657 1.67199261259e-05 0.975974527846
6 0.00482894910418 1.69220972653e-05 0.976206263034
7 0.00376212612659 1.70082627333e-05 0.976366039064
8 0.00295748171529 1.69901416825e-05 0.976408921546
9 0.00225389018652 1.68813641593e-05 0.976386280679
10 0.00160837850189 1.66758711588e-05 0.97630018988
11 0.000909198206667 1.63777771637e-05 0.976124245227
12 0.000326906354999 1.59879469393e-05 0.97577104356
13 -0.000161360445194 1.54844884534e-05 0.975364263567
14 -0.000598325419509 1.48803629674e-05 0.974733453956
15 -0.00102493394789 1.4078603938e-05 0.973799361581
16 -0.00136696334004 1.30145324639e-05 0.972291294193
17 -0.00167402433459 1.11864737951e-05 0.968862386316
