1 0.0154968287534 1.29852746757e-05 0.973509215176 0.0272116425616
2 0.011777589283 1.47548116494e-05 0.974451461815 0.0262183794155
3 0.00933725124892 1.59319522367e-05 0.974951469695 0.0256920791077
4 0.00725050076378 1.68474232591e-05 0.975316731077 0.0253079519166
5 0.005644010946 1.74991572517e-05 0.975483123411 0.0251330607732
6 0.00383603952885 1.81115825791e-05 0.975559362787 0.0250529472073
7 0.00200285428678 1.85867033067e-05 0.975339789061 0.0252837126201
8 0.000126506827368 1.87635628243e-05 0.974550588551 0.0261139973131
9 -0.0015392989289 1.83414881129e-05 0.972745846553 0.0280177536103
10 -0.00269058859694 1.66863943799e-05 0.967778517588 0.033294273171
11 0.00737003690506 1.48019736606e-05 0.976997804626 0.0235437534309
12 0.00396690577146 1.52348319668e-05 0.977791046085 0.0227133946313
13 0.00228911755023 1.50009917223e-05 0.977955924478 0.0225409703735
14 0.00118898017678 1.4532646539e-05 0.97789535837 0.0226043016204
15 0.00016256216967 1.38247920008e-05 0.977389711692 0.0231333397663
16 -0.00064800549805 1.29078522841e-05 0.976568975654 0.0239932098363
17 -0.00129514341475 1.17017540931e-05 0.975057888769 0.0255801337625
18 -0.00210476347036 9.60621639285e-06 0.970678779435 0.0302069244628
