1 0.0156753118321 1.29482121118e-05 0.973436250809 0.027288637699
2 0.0119067469459 1.47020139677e-05 0.974425845566 0.026245357254
3 0.00937676354218 1.58977794523e-05 0.97496016357 0.02568293287
4 0.00738094014394 1.67851530082e-05 0.97529532436 0.0253304563481
5 0.00562709988648 1.74950101814e-05 0.975491966126 0.0251237680061
6 0.00394558907613 1.80734512552e-05 0.975529205016 0.0250846360148
7 0.00214437256594 1.85425207509e-05 0.975302104157 0.0253233287637
8 0.000269104701992 1.87229439913e-05 0.974545962307 0.0261188683241
9 -0.0014836550093 1.83540649625e-05 0.972732820992 0.0280315194844
10 -0.00255642690283 1.67415235042e-05 0.967952805313 0.0331082202846
11 0.00738895037263 1.48165123268e-05 0.976969924307 0.0235729627684
12 0.00407946468392 1.5218539177e-05 0.977770592332 0.0227347885737
13 0.00238655185334 1.49944196828e-05 0.977972483645 0.0225236565427
14 0.00124299479811 1.45544718625e-05 0.977852435222 0.022649189152
15 0.000236159838469 1.38595516936e-05 0.977430952578 0.0230901705667
16 -0.000578147389988 1.29550058184e-05 0.976602278791 0.0239582906018
17 -0.00119762962597 1.18116952601e-05 0.97518913674 0.0254421038384
18 -0.00198206093815 9.70019709379e-06 0.971014783586 0.0298504378331
