1 0.0152371764988 1.37924774835e-05 0.972741976932 0.10698619624
2 0.0138746645244 1.43443520136e-05 0.973116199378 0.106428804475
3 0.0123190664227 1.49536643479e-05 0.973539962059 0.103951709409
4 0.0103401948007 1.57369343509e-05 0.974049355702 0.103447474965
5 0.0081021663055 1.65872525604e-05 0.974570712025 0.101085612511
6 0.00574293067932 1.74543219594e-05 0.975008206591 0.0982246020761
7 0.00353985616531 1.81999791894e-05 0.975278942068 0.0951325264011
8 0.00152026199714 1.87926084676e-05 0.975312030104 0.0928132133936
9 -0.000644844282198 1.91878915394e-05 0.97490183943 0.0877171112261
10 -0.00342863038554 1.9044583756e-05 0.973091140757 0.0799977535174
11 -0.00618976747567 1.64442599703e-05 0.965402280715 0.0651784779914
12 0.00755628167873 1.50924033359e-05 0.976039838915 0.10837724858
13 0.00350594804724 1.55117828314e-05 0.977464305136 0.108574380741
14 0.00152938548906 1.51697631194e-05 0.977935234063 0.108552849668
15 -0.000154270713923 1.43102631433e-05 0.977831919862 0.10729701081
16 -0.00150127306248 1.27838200024e-05 0.976727844164 0.106328478724
17 -0.00239809298401 1.08738963748e-05 0.974363546458 0.104192321017
18 -0.00316648566287 7.78375823472e-06 0.967653342596 0.100266263741
