1 0.015610815155 1.36090804028e-05 0.972648622222 1.3041785332
2 0.0141654990576 1.41909305435e-05 0.973046932853 1.28908947843
3 0.0125213197647 1.48825271984e-05 0.973504175893 1.24817552949
4 0.0104256827126 1.56749818802e-05 0.974062500044 1.17602467884
5 0.00815746164458 1.65487487406e-05 0.974576756453 1.06729666508
6 0.00574106765762 1.74345974291e-05 0.97502677599 0.922266684869
7 0.00351159841237 1.81899160913e-05 0.975280435712 0.762181782799
8 0.00150441057266 1.87756485913e-05 0.975337178977 0.601352046849
9 -0.000663788437521 1.92095816456e-05 0.974954200962 0.386800856013
10 -0.00336969479601 1.90651418483e-05 0.973181686888 0.0565333430806
11 -0.00616999231333 1.64141159158e-05 0.965366094364 -0.442355273721
12 0.00755782043557 1.50641835853e-05 0.97606939177 0.937210688826
13 0.00344472007093 1.54840137647e-05 0.977538988096 0.718175234164
14 0.00146693664132 1.51573086914e-05 0.978001414525 0.532291844885
15 -0.00016331434421 1.43083382149e-05 0.977837558569 0.300911226342
16 -0.00152527572337 1.27974616468e-05 0.976678419687 0.0248991796522
17 -0.00244592790199 1.08770738271e-05 0.974292539214 -0.233789342384
18 -0.00327964726898 7.7874459759e-06 0.967207900249 -0.564711415047
