1 0.015212645617 1.33412626425e-05 0.973451918706
2 0.0100734728991 1.58113290122e-05 0.974656425263
3 0.00601464094544 1.7594119962e-05 0.975244083554
4 0.00284779345123 1.86660469496e-05 0.975173439975
5 0.000851658012313 1.89335050114e-05 0.974405378502
6 -0.00129878119438 1.77952957737e-05 0.970315563484
7 0.0083477141882 1.49311545649e-05 0.976283886547
8 0.00428447114595 1.56282735989e-05 0.97726585424
9 0.00228459972779 1.56455658556e-05 0.977045710951
10 0.000755578134744 1.5385766202e-05 0.976239468682
11 -0.000836357200967 1.45525736287e-05 0.974052769896
12 -0.00204054243662 1.27323882947e-05 0.968564682404
13 0.00178419358532 1.26980748385e-05 0.979801747986
14 -0.000749609644923 9.56759367393e-06 0.975445762319
