1 0.0161776875058 1.28508513681e-05 0.973235177312
2 0.0120497760709 1.47146854026e-05 0.974355342351
3 0.00951006756384 1.58870362997e-05 0.97491070337
4 0.00750819783094 1.67709835052e-05 0.975250317591
5 0.00583480091758 1.74285412816e-05 0.975458805186
6 0.00421040658505 1.7971879931e-05 0.975488420442
7 0.00248271703325 1.84186590393e-05 0.975273484242
8 0.000777243140681 1.85573900642e-05 0.974534436448
9 -0.000862704767435 1.81808650536e-05 0.972770253014
10 -0.00170049770318 1.65942188216e-05 0.968245616817
11 0.00738206437585 1.48153332729e-05 0.976984852174
12 0.00422253772648 1.51988596612e-05 0.977730456051
13 0.0026226383568 1.49730843545e-05 0.977873502054
14 0.00155646723872 1.45434233531e-05 0.977787607529
15 0.000602897856639 1.38735609708e-05 0.977338800243
16 -0.000180300423055 1.29827310121e-05 0.97655860158
17 -0.000844386894457 1.18660789758e-05 0.975157482421
18 -0.00163538030344 9.78798504882e-06 0.970984032135
