1 0.0151241247407 1.38996848784e-05 0.972739795218 0.416907052294
2 0.0133574858638 1.46254643474e-05 0.973225136836 0.403595226296
3 0.0116046327357 1.5332973946e-05 0.973678548696 0.387674589719
4 0.00943276725649 1.62079843432e-05 0.974210303332 0.365597249513
5 0.00708956097804 1.71238957414e-05 0.974699556492 0.335974772764
6 0.00463590507005 1.80316105748e-05 0.975085874101 0.297842332627
7 0.00198805613191 1.88983091502e-05 0.975213660198 0.241087239939
8 -0.000788170152163 1.9531709486e-05 0.974752297316 0.155580969692
9 -0.00333287798638 1.94970764371e-05 0.973231311711 0.0363221320682
10 -0.00607561502058 1.72655943374e-05 0.966401764265 -0.251490936821
11 0.0075683133019 1.50841606673e-05 0.976043902741 0.328774414409
12 0.00348786711357 1.55187693275e-05 0.977488973326 0.268813704373
13 0.00148213325049 1.51882761086e-05 0.977970692041 0.212674294213
14 4.36715176114e-05 1.45005676203e-05 0.977941711438 0.146849826111
15 -0.00108034915337 1.34286123407e-05 0.977328851567 0.0616438697827
16 -0.00208214728289 1.17219706342e-05 0.975519654007 -0.0679275830025
17 -0.00305920292857 8.39980210159e-06 0.969048978099 -0.345051257914
