1 0.0150890724548 1.39123415648e-05 0.972746204026 0.416462296433
2 0.0132913359157 1.46387390328e-05 0.973242238604 0.402073448408
3 0.0115726518636 1.53367277353e-05 0.973676494352 0.38623307941
4 0.0093655408174 1.62218512618e-05 0.974227462733 0.364592022375
5 0.00699361651107 1.71448775593e-05 0.974718484501 0.334283376544
6 0.00462332480491 1.8032209397e-05 0.975082601275 0.297368128204
7 0.00200529134659 1.88992425056e-05 0.975205142504 0.241036480516
8 -0.00075975910283 1.95142414964e-05 0.974765491997 0.156555247685
9 -0.00333726370354 1.95089388314e-05 0.973236125064 0.0365718191483
10 -0.00605419992645 1.72492083667e-05 0.96638423165 -0.251477461672
11 0.00755093535763 1.50937346083e-05 0.97603486417 0.328590744306
12 0.00350489424075 1.55091431713e-05 0.977461624286 0.267798754631
13 0.00152729950041 1.51677530261e-05 0.977937156134 0.211996486853
14 7.84239834939e-05 1.45033611149e-05 0.977916386893 0.14733775126
15 -0.00105360646491 1.3429964355e-05 0.977288749374 0.0611547805015
16 -0.0020539553991 1.17192118287e-05 0.975521268159 -0.0678030501709
17 -0.00303142819816 8.39186731278e-06 0.96910087175 -0.344382380869
