1 0.015034755334 1.39127694308e-05 0.972789266061 0.4169388987
2 0.0133056034913 1.46393064954e-05 0.973245887938 0.402689650199
3 0.0115388094513 1.53504175502e-05 0.973726783151 0.387976581879
4 0.00936590531051 1.62098331356e-05 0.974245197173 0.365226184765
5 0.00690182267554 1.71687271752e-05 0.974768309822 0.334354270302
6 0.00459170946033 1.80376085417e-05 0.975107506102 0.297606984369
7 0.00201076041956 1.888557925e-05 0.97522344648 0.242241005282
8 -0.000795873425438 1.95471174507e-05 0.974823475195 0.158713980878
9 -0.00329588392883 1.95258965066e-05 0.973319124846 0.0409724065029
10 -0.00603408089162 1.72273505344e-05 0.96635991286 -0.252414432417
11 0.00740376361007 1.51142513928e-05 0.976110643295 0.327657466459
12 0.00339932044826 1.54921392325e-05 0.977540410062 0.266265492502
13 0.0014406974056 1.51601771929e-05 0.977993823615 0.211299820008
14 6.25139666409e-05 1.44986187956e-05 0.977929045513 0.147545004911
15 -0.0010941239647 1.3450513756e-05 0.977261742912 0.0616815967861
16 -0.00210967335413 1.1728636379e-05 0.97545710414 -0.0686085682732
17 -0.00313474832613 8.37580898091e-06 0.968690775423 -0.352028737212
