1 0.0160815095464 1.28816666833e-05 0.973267063045 0.0274672163347
2 0.0120167062615 1.47048686538e-05 0.974378794034 0.0262949133527
3 0.00952499426881 1.58585221959e-05 0.974917150934 0.0257281852182
4 0.00755028945686 1.67326218098e-05 0.975245038807 0.0253833243847
5 0.00594749539321 1.73713125108e-05 0.97542255219 0.0251967188412
6 0.00433709487479 1.79193073521e-05 0.975458748408 0.0251586770271
7 0.00260129810823 1.83623314239e-05 0.97526271868 0.0253647358999
8 0.000910326153236 1.85177513654e-05 0.974552099775 0.026112406095
9 -0.0007282328256 1.81668135925e-05 0.972843384821 0.027914683435
10 -0.00156115757451 1.66290554848e-05 0.968435010182 0.0325938131743
11 0.0074630561534 1.47850485633e-05 0.976951705944 0.0235920505589
12 0.00431002228116 1.51854344434e-05 0.97770104144 0.0228075429566
13 0.00272088691404 1.49699923068e-05 0.977853174969 0.0226484155321
14 0.00162132698741 1.45696607417e-05 0.977758391442 0.0227475506685
15 0.000703953638214 1.38962173877e-05 0.977374163992 0.0231496153841
16 -0.000106578822409 1.30339232972e-05 0.976590242603 0.0239709105935
17 -0.000754857296189 1.19507391315e-05 0.975260514438 0.0253670534248
18 -0.00156200052004 9.8887467164e-06 0.97122139699 0.0296313519472
