1 0.0165508000182 1.27066949521e-05 0.97312338195 0.0276189212282
2 0.0123877177094 1.459171247e-05 0.97425388257 0.0264264971232
3 0.00979762305744 1.57750685401e-05 0.974831687921 0.0258181103144
4 0.00777756369856 1.66568181571e-05 0.975183930815 0.0254475780319
5 0.00615848948742 1.73061509995e-05 0.975372045224 0.0252498058153
6 0.00454692574608 1.7843663394e-05 0.975437959713 0.0251805253584
7 0.00279537700566 1.82949317108e-05 0.975239265964 0.0253893940542
8 0.00114239742192 1.84477364563e-05 0.974558132425 0.0261060543484
9 -0.000478015920457 1.81188530268e-05 0.972908500716 0.0278458861265
10 -0.00123206363205 1.65995404716e-05 0.968624493407 0.0323918161948
11 0.00785299635147 1.47252309309e-05 0.976778689601 0.0237733589487
12 0.00453969330177 1.51883448771e-05 0.977606856708 0.0229060824416
13 0.00292615750112 1.49982973722e-05 0.977767554866 0.0227379657301
14 0.00181440756079 1.46051020997e-05 0.977696648147 0.0228121390622
15 0.000841704642409 1.3944546164e-05 0.977352875362 0.0231719015677
16 4.26145737112e-05 1.30903069246e-05 0.976548673477 0.0240144983938
17 -0.00061171525387 1.20176407609e-05 0.975251952981 0.0253760547952
18 -0.00146537241217 9.97051809271e-06 0.97125850698 0.0295920116154
