1 0.0150118066377 1.32805155314e-05 0.973594570297 0.0271215868387
2 0.011345317388 1.49096432239e-05 0.974604836007 0.0260568827803
3 0.00908016886369 1.59946789799e-05 0.975056593797 0.0255814958661
4 0.00720124481427 1.68490340096e-05 0.975338887658 0.025284660199
5 0.00564305752054 1.74653336664e-05 0.975495427341 0.0251201307196
6 0.00404879213282 1.80232478415e-05 0.975487311536 0.0251286594459
7 0.00234847119787 1.84501213494e-05 0.975293270662 0.0253326154598
8 0.000628007519851 1.86029169288e-05 0.97454476101 0.0261201332083
9 -0.00101878308609 1.82224842503e-05 0.972767772842 0.0279945819813
10 -0.00192234257013 1.66614567072e-05 0.968227049754 0.0328155985609
11 0.00688125946826 1.48742870638e-05 0.977209849032 0.0233216550512
12 0.00400824207046 1.51816057846e-05 0.97782479712 0.0226780941548
13 0.00246893825273 1.49352505652e-05 0.977958264896 0.0225385232526
14 0.00139237400451 1.45276290065e-05 0.97783160607 0.0226709729787
15 0.000547493427145 1.38413237467e-05 0.977398344024 0.0231243034903
16 -0.000269608422639 1.29723118669e-05 0.976635666845 0.0239232847006
17 -0.000905521486123 1.18803322611e-05 0.97526952572 0.0253575792007
18 -0.0016592576866 9.80644620074e-06 0.971184045378 0.029670951425
