1 0.0149908886378 1.32851695294e-05 0.973601288524 0.0271144992516
2 0.0113371281487 1.49100264389e-05 0.974610368611 0.0260510581666
3 0.00909479920061 1.59912501996e-05 0.975053367993 0.0255848887824
4 0.00719344873652 1.68436358397e-05 0.975346025223 0.0252771571629
5 0.00562232277445 1.74741453822e-05 0.975490691904 0.0251251070751
6 0.00403986990114 1.80146035659e-05 0.975500952389 0.0251143246247
7 0.00235823718368 1.84486624702e-05 0.97529236177 0.0253335709583
8 0.000630590417487 1.86031846976e-05 0.974542319011 0.0261227044679
9 -0.00101042990464 1.82208503749e-05 0.972760189729 0.028002595708
10 -0.00192420611017 1.6664804184e-05 0.968228252646 0.0328143155089
11 0.0068947452 1.48784916162e-05 0.977204273856 0.0233274932991
12 0.00398462360675 1.51775957478e-05 0.977836051946 0.022666323247
13 0.00245997129451 1.4944047665e-05 0.977964076185 0.0225324470996
14 0.00140860991675 1.45311181374e-05 0.977831940034 0.0226706236609
15 0.000538300660584 1.38514226662e-05 0.977400133375 0.0231224304965
16 -0.000278428573822 1.29625665466e-05 0.976628645619 0.0239306458899
17 -0.000895810832369 1.18781191267e-05 0.975275988128 0.0253507850096
18 -0.00166138270646 9.8044784814e-06 0.971181908938 0.0296732164763
