1 0.0165393592884 1.27092004167e-05 0.973128937689 0.0276130543981
2 0.0123749671595 1.45963243019e-05 0.974252771925 0.0264276672323
3 0.00981691751258 1.57715935497e-05 0.974818464614 0.0258320254153
4 0.00778789669201 1.66592301161e-05 0.975183381331 0.0254481558317
5 0.00614484780106 1.72997487228e-05 0.975385435182 0.0252357313433
6 0.00453936614408 1.78479681769e-05 0.975432632689 0.0251861241335
7 0.00281051411249 1.8294928763e-05 0.975235348368 0.0253935131067
8 0.00114443284562 1.84485490071e-05 0.97456388479 0.0260999977348
9 -0.000468079054895 1.81148853669e-05 0.972908274589 0.0278461249464
10 -0.00123139966064 1.6604555278e-05 0.96862783757 0.0323882518846
11 0.00784093203129 1.4724121626e-05 0.97678994832 0.0237615586709
12 0.00455268983839 1.51881371634e-05 0.977601171601 0.0229120310725
13 0.00290749783636 1.49984985914e-05 0.977775812366 0.0227293284922
14 0.00182082824832 1.46051296435e-05 0.977697909507 0.0228108194308
15 0.000842308289695 1.39533378178e-05 0.977342876261 0.0231823695201
16 4.03312030718e-05 1.30858222202e-05 0.976566511262 0.0239957939126
17 -0.000611481091032 1.20159437384e-05 0.975243065237 0.0253853995115
18 -0.00145891839114 9.96791042265e-06 0.971262143175 0.0295881570483
