1 0.016067187906 1.28848270227e-05 0.973272970498 0.0274609799099
2 0.0120058326092 1.47079002706e-05 0.974379960528 0.026293684707
3 0.00954235265114 1.58551114965e-05 0.974907779917 0.0257380447374
4 0.00755312308382 1.67320620033e-05 0.975247616537 0.0253806141315
5 0.00593129464227 1.73710253052e-05 0.97542845302 0.0251905169168
6 0.00432865015945 1.79182746596e-05 0.97546145376 0.0251558337812
7 0.00261418906421 1.83616654256e-05 0.975260096811 0.0253674924679
8 0.000912596791433 1.85183175013e-05 0.974554154718 0.0261102424619
9 -0.000719381997161 1.81639838046e-05 0.972839658202 0.0279186211002
10 -0.00156168977275 1.66332799908e-05 0.968437338539 0.0325913305657
11 0.00746071522088 1.47861532661e-05 0.976956441373 0.0235870890921
12 0.00430737981212 1.51835844596e-05 0.97770260081 0.0228059117209
13 0.00270690888077 1.49740889364e-05 0.97786019542 0.0226410735526
14 0.00163171478688 1.4571170829e-05 0.977759398741 0.0227464970268
15 0.000700023606669 1.39056476081e-05 0.97736967424 0.0231543153853
16 -0.000111934157465 1.30269384717e-05 0.976596191698 0.0239646729327
17 -0.000749932095411 1.19488408517e-05 0.975259096575 0.0253685440967
18 -0.00155980318792 9.88647388127e-06 0.971222163722 0.0296305390719
