1 0.011923043789 1.46771843261e-05 0.974444525286 0.0262256844921
2 0.00950422877262 1.56570851266e-05 0.975111547666 0.0255236976805
3 0.00760854392146 1.62847019576e-05 0.975617530201 0.0249918323977
4 0.00598428165417 1.67199459904e-05 0.975994999723 0.0245954131396
5 0.00470529780915 1.69553501422e-05 0.976243865813 0.0243342212737
6 0.00362925071476 1.70514635837e-05 0.976381067661 0.0241902809257
7 0.00273238422017 1.704623664e-05 0.976457327096 0.0241102936359
8 0.00203066818835 1.69376565693e-05 0.976458591566 0.0241089674577
9 0.00128308697495 1.67601311766e-05 0.97638208522 0.0241892136149
10 0.000594303487629 1.64339650569e-05 0.976196048838 0.0243843961282
11 -2.94558820231e-05 1.60437188002e-05 0.975871956928 0.0247245992496
12 -0.000592210342112 1.55485436155e-05 0.975423953786 0.0251952457601
13 -0.0010678736257 1.49057332663e-05 0.974780080075 0.0258724203388
14 -0.00149977804506 1.41047148161e-05 0.973838165357 0.0268646635084
15 -0.00189732980323 1.29651132358e-05 0.972187786115 0.0286078618748
16 -0.00220111356199 1.10466062799e-05 0.968619264108 0.0323973898062
