1 0.0117792819331 1.47334884578e-05 0.974471057252 0.0261977434167
2 0.00940694065393 1.57008494777e-05 0.9751266479 0.0255078169766
3 0.00742457481889 1.63654046679e-05 0.97564800582 0.0249598154532
4 0.00589769146086 1.6770273698e-05 0.976015112266 0.0245742995913
5 0.00449913148625 1.70179023145e-05 0.976277133895 0.0242993155502
6 0.00345020485601 1.70996857681e-05 0.976448040701 0.0241200333248
7 0.0025686337854 1.70594227741e-05 0.976492924763 0.0240729601907
8 0.00188054100788 1.69675096573e-05 0.976437242339 0.0241313590814
9 0.00108660823853 1.67708182644e-05 0.976420936173 0.0241484618966
10 0.000433288042814 1.64391824705e-05 0.976178072583 0.0244032600644
11 -0.000176605322273 1.60179169923e-05 0.975818718331 0.0247805060213
12 -0.000707546714983 1.55168834802e-05 0.975374232891 0.025247506294
13 -0.00117786324196 1.48646327881e-05 0.974754080327 0.0258997835361
14 -0.00161101208332 1.39813445802e-05 0.973636798129 0.0270770393046
15 -0.00202473974897 1.28291577814e-05 0.97206265534 0.0287402715332
16 -0.00233322036614 1.09329618992e-05 0.968232661339 0.032809612667
