1 0.0119031076278 1.46814269559e-05 0.974450146833 0.0262197642674
2 0.00943896746147 1.56832707084e-05 0.97512298358 0.0255116706587
3 0.00751792514388 1.63166271645e-05 0.975642546088 0.0249655511454
4 0.00590650380888 1.67554063379e-05 0.976006453086 0.0245833896556
5 0.00463836052583 1.69786341756e-05 0.976257945521 0.0243194480989
6 0.00355034119803 1.70546692546e-05 0.976408077166 0.0241619497307
7 0.00268619389402 1.70379922669e-05 0.976473387379 0.0240934499059
8 0.00198453316817 1.69389027833e-05 0.97644022546 0.0241282301726
9 0.00120156298761 1.67442846328e-05 0.976390123833 0.0241807814123
10 0.000530402743216 1.64312466077e-05 0.976184561264 0.0243964508983
11 -0.000118212663699 1.60264419615e-05 0.975870285583 0.024726354285
12 -0.000639184601593 1.55263972074e-05 0.975400197682 0.0252202145763
13 -0.00110551635214 1.49031514421e-05 0.974761712629 0.0258917508003
14 -0.00151897015548 1.40607193148e-05 0.973809035261 0.0268953806954
15 -0.0018813956551 1.29375292855e-05 0.972160117631 0.0286371368773
16 -0.00220949892905 1.09955031838e-05 0.968584299654 0.0324346577957
