1 0.0171984435381 1.25307281511e-05 0.97287108595
2 0.0124488108236 1.4644359373e-05 0.974239780528
3 0.00968776145227 1.57581229602e-05 0.97501861185
4 0.00754410237136 1.64944746939e-05 0.975590015144
5 0.00584541928861 1.69579523248e-05 0.97598856623
6 0.00453032881226 1.71868749961e-05 0.976218468993
7 0.00341166141291 1.72882825409e-05 0.976371858601
8 0.0025684346152 1.72407496808e-05 0.976408658625
9 0.00184841427117 1.71528792443e-05 0.976386448271
10 0.00112267152977 1.69309927914e-05 0.976263246302
11 0.000438114133248 1.66194117953e-05 0.976017394022
12 -0.000170131282761 1.61910029235e-05 0.975630091075
13 -0.00065660028277 1.56630923237e-05 0.975132460407
14 -0.00114500429991 1.50177660384e-05 0.974419929201
15 -0.00152440703415 1.41677506581e-05 0.973397620772
16 -0.00186260837267 1.28712905144e-05 0.971470093586
17 -0.00206012978485 1.08442315227e-05 0.967568187288
