1 0.0151241247388 1.38996807957e-05 0.972739795244 0.107336090628
2 0.0133574858621 1.46254605647e-05 0.973225136859 0.103838298053
3 0.0116046327358 1.53329741484e-05 0.973678548695 0.103709599688
4 0.00943276725561 1.62079827513e-05 0.974210303348 0.101417159439
5 0.00708956097517 1.71238898318e-05 0.974699556536 0.0989145752975
6 0.0046359050726 1.80316159944e-05 0.975085874062 0.097220202265
7 0.00198805613179 1.88983088875e-05 0.9752136602 0.0925732858248
8 -0.000788170153816 1.95317058833e-05 0.974752297342 0.0864116683297
9 -0.00333287798216 1.94970852372e-05 0.973231311639 0.0806428440441
10 -0.0060756150215 1.72655926099e-05 0.966401764283 0.0666422508711
11 0.00756831330469 1.50841664871e-05 0.9760439027 0.108376459823
12 0.00348786711685 1.55187760321e-05 0.977488973274 0.108375578372
13 0.00148213325306 1.5188281641e-05 0.977970692002 0.10825684679
14 4.36715190021e-05 1.45005700883e-05 0.97794171141 0.107871233787
15 -0.00108034915473 1.34286093329e-05 0.977328851587 0.107211062149
16 -0.00208214728395 1.17219684941e-05 0.975519654026 0.104920720878
17 -0.0030592029341 8.3997910538e-06 0.969048978199 0.100409548011
